8589124	8989848
8587980	8988948
8588032	8988540
8587954	8988172
8587943	8987770
8587819	8987364
8587722	8986976
8587595	8986646
8587443	8986301
8587336	8985950
8587227	8985575
8587104	8985162
8586995	8984774
8586929	8984442
8586774	8984040
8586669	8983676
8586611	8983350
8586467	8982988
8586359	8982645
8586259	8982273
8586105	8981933
8586017	8981570
8585937	8981245
8585776	8980942
8585728	8980547
8585610	8980275
8585465	8979886
8585399	8979562
8585293	8979181
8585189	8978861
8585082	8978514
8584992	8978158
8584888	8977852
8584819	8977514
8584715	8977144
8584584	8976802
8584565	8976482
8584355	8976132
8584224	8975784
8584223	8975453
8584143	8975047
8584028	8974820
8583860	8974420
8583804	8974133
8583740	8973774
8583649	8973452
8583505	8973084
8583431	8972755
8583315	8972431
8583274	8972081
8583118	8971802
8583046	8971462
8582892	8971136
8582837	8970798
8582837	8970434
8582679	8970134
8582567	8969793
8582498	8969462
8582410	8969163
8582291	8968743
8582143	8968424
8582055	8968150
8581979	8967758
8581886	8967451
8581767	8967061
8581798	8966817
8581585	8966516
8581499	8966141
8581417	8965812
8581338	8965462
8581241	8965196
8581128	8964833
8581050	8964499
8580937	8964208
8580845	8963855
8580722	8963520
8580656	8963211
8580566	8962898
8580500	8962568
8580424	8962258
8580298	8961987
8580230	8961609
8580018	8961283
8580003	8960944
8579894	8960623
8579786	8960287
8579735	8960022
8579642	8959650
8579578	8959359
8579442	8959042
8579389	8958748
8579240	8958403
8579154	8958061
8579000	8957749
8578905	8957365
8578872	8957097
8578803	8956754
8578646	8956427
8578566	8956136
8578500	8955825
8578365	8955522
8578228	8955170
8578173	8954857
8578088	8954531
8577936	8954205
8577838	8953835
8577794	8953543
8577702	8953235
8577552	8952935
8577485	8952561
8577305	8952293
8577233	8951913
8577164	8951611
8577041	8951302
8576927	8951024
8576859	8950659
8576770	8950345
8576699	8950061
8576528	8949688
8576410	8949410
8576279	8949050
8576210	8948698
8576070	8948429
8576015	8948124
8575949	8947716
8575805	8947376
8575708	8947086
8575606	8946691
8575518	8946380
8575461	8946118
8575309	8945792
8575222	8945433
8575067	8945123
8575055	8944821
8574919	8944473
8574830	8944201
8574726	8943827
8574617	8943506
8574601	8943134
8574446	8942830
8574255	8942505
8574173	8942168
8574098	8941851
8574048	8941569
8573963	8941213
8573812	8940912
8573763	8940523
8573664	8940261
8573547	8939900
8573488	8939594
8573409	8939214
8573272	8938940
8573142	8938634
8573133	8938356
8572993	8938015
8572902	8937672
8572868	8937304
8572752	8936995
8572663	8936734
8572545	8936439
8572514	8936102
8572428	8935842
8572279	8935477
8572202	8935161
8572067	8934809
8572047	8934522
8571929	8934225
8571891	8933880
8571772	8933632
8571658	8933216
8571612	8932963
8571459	8932630
8571376	8932322
8571311	8932041
8571232	8931724
8571098	8931429
8571064	8931185
8570903	8930807
8570845	8930506
8570730	8930208
8570656	8929878
8570579	8929597
8570534	8929275
8570374	8928985
8570364	8928675
8570256	8928334
8570140	8928073
8570077	8927801
8569999	8927444
8569948	8927156
8569844	8926870
8569724	8926534
8569651	8926238
8569601	8925918
8569455	8925612
8569383	8925339
8569353	8925027
8569224	8924729
8569151	8924350
8569027	8924138
8568916	8923850
8568909	8923519
8568810	8923254
8568697	8922946
8568643	8922655
8568548	8922302
8568491	8922033
8568354	8921693
8568273	8921426
8568221	8921132
8568089	8920747
8568030	8920476
8567924	8920178
8567770	8919867
8567744	8919647
8567665	8919272
8567554	8919045
8567503	8918726
8567437	8918425
8567305	8918125
8567235	8917806
8567116	8917510
8567044	8917235
8566995	8916921
8566823	8916644
8566773	8916337
8566692	8916082
8566625	8915795
8566513	8915493
8566408	8915131
8566315	8914857
8566282	8914574
8566145	8914276
8566104	8913922
8566002	8913694
8565886	8913346
8565860	8913041
8565750	8912779
8565654	8912503
8565546	8912243
8565456	8911964
8565364	8911586
8565376	8911388
8565231	8911017
8565154	8910836
8565056	8910453
8565048	8910133
8564894	8909887
8564721	8909611
8564734	8909277
8564620	8908993
8564552	8908711
8564405	8908403
8564325	8908131
8564271	8907875
8564171	8907556
8564059	8907310
8564020	8906985
8563902	8906692
8563843	8906467
8563794	8906152
8563677	8905883
8563622	8905518
8563520	8905305
8563438	8904985
8563295	8904727
8563257	8904408
8563118	8904142
8563092	8903866
8562953	8903577
8562879	8903258
8562861	8902992
8562711	8902667
8562623	8902402
8562499	8902137
8562431	8901891
8562416	8901603
8562342	8901296
8562216	8901040
8562116	8900754
8562033	8900461
8561947	8900231
8561841	8899938
8561759	8899629
8561724	8899386
8561624	8899106
8561542	8898792
8561473	8898477
8561329	8898171
8561297	8897983
8561170	8897642
8561069	8897361
8561079	8897177
8560948	8896850
8560880	8896594
8560721	8896327
8560722	8896040
8560586	8895737
8560539	8895469
8560448	8895247
8560341	8894955
8560252	8894671
8560175	8894392
8560087	8894082
8560053	8893880
8559978	8893574
8559863	8893315
8559773	8893042
8559701	8892789
8559587	8892530
8559577	8892267
8559482	8891979
8559325	8891706
8559337	8891454
8559284	8891202
8559095	8890853
8559023	8890685
8558911	8890364
8558934	8890095
8558812	8889846
8558678	8889583
8558649	8889310
8558594	8889025
8558481	8888755
8558398	8888531
8558317	8888270
8558181	8888029
8558168	8887761
8558107	8887506
8558005	8887204
8557891	8886965
8557840	8886638
8557769	8886431
8557692	8886171
8557621	8885944
8557476	8885659
8557396	8885384
8557280	8885104
8557314	8884905
8557196	8884641
8557074	8884405
8557032	8884087
8556976	8883894
8556858	8883638
8556746	8883365
8556729	8883118
8556659	8882870
8556631	8882587
8556514	8882357
8556384	8882105
8556325	8881922
8556283	8881615
8556180	8881360
8556150	8881119
8556018	8880849
8555945	8880580
8555885	8880365
8555760	8880086
8555672	8879829
8555638	8879610
8555561	8879384
8555512	8879137
8555382	8878887
8555310	8878655
8555205	8878424
8555185	8878198
8555042	8877962
8555069	8877691
8554895	8877482
8554851	8877265
8554793	8876951
8554725	8876731
8554573	8876523
8554562	8876287
8554525	8875974
8554441	8875765
8554312	8875555
8554306	8875285
8554169	8875094
8554115	8874865
8554062	8874637
8553991	8874392
8553912	8874150
8553836	8873905
8553626	8873727
8553662	8873438
8553578	8873190
8553466	8872994
8553460	8872698
8553370	8872545
8553281	8872254
8553199	8872083
8553100	8871802
8553048	8871549
8553012	8871383
8552965	8871095
8552831	8870901
8552775	8870695
8552741	8870468
8552644	8870233
8552538	8869986
8552464	8869837
8552378	8869579
8552346	8869395
8552326	8869132
8552219	8868917
8552131	8868700
8552063	8868496
8552018	8868269
8551925	8868084
8551829	8867866
8551795	8867662
8551686	8867429
8551581	8867217
8551575	8866971
8551531	8866768
8551421	8866587
8551332	8866351
8551254	8866149
8551157	8865943
8551143	8865699
8551066	8865495
8550931	8865217
8550957	8865079
8550876	8864822
8550766	8864641
8550709	8864458
8550710	8864214
8550585	8864027
8550486	8863854
8550412	8863641
8550379	8863336
8550285	8863196
8550235	8862958
8550171	8862793
8550083	8862604
8550045	8862401
8549885	8862231
8549860	8861994
8549793	8861799
8549787	8861587
8549643	8861415
8549610	8861216
8549517	8861002
8549506	8860816
8549407	8860597
8549287	8860406
8549307	8860188
8549197	8860003
8549145	8859806
8549070	8859623
8548969	8859394
8548967	8859217
8548821	8859016
8548827	8858854
8548702	8858662
8548674	8858405
8548594	8858282
8548535	8858059
8548443	8857875
8548415	8857666
8548328	8857552
8548241	8857324
8548175	8857177
8548064	8856940
8548097	8856688
8547980	8856612
8547919	8856380
8547804	8856202
8547752	8855962
8547717	8855850
8547641	8855634
8547637	8855475
8547531	8855354
8547388	8855133
8547440	8854899
8547351	8854697
8547249	8854501
8547192	8854431
8547123	8854199
8547009	8854016
8547007	8853856
8546869	8853656
8546892	8853508
8546804	8853358
8546785	8853156
8546686	8852982
8546620	8852753
8546560	8852666
8546491	8852471
8546482	8852275
8546370	8852131
8546269	8851922
8546188	8851766
8546206	8851650
8546042	8851392
8545995	8851285
8545977	8851063
8545866	8850895
8545851	8850717
8545784	8850538
8545741	8850458
8545683	8850262
8545576	8850106
8545558	8849948
8545507	8849732
8545404	8849586
8545406	8849413
8545307	8849312
8545209	8849104
8545179	8848876
8545129	8848781
8545026	8848601
8545006	8848448
8544935	8848314
8544908	8848131
8544828	8848004
8544761	8847814
8544688	8847704
8544614	8847497
8544555	8847357
8544539	8847222
8544459	8847052
8544426	8846897
8544370	8846688
8544231	8846533
8544246	8846392
8544137	8846298
8544091	8846122
8544048	8845957
8543936	8845742
8543936	8845618
8543833	8845500
8543770	8845353
8543787	8845214
8543641	8845096
8543626	8844899
8543597	8844759
8543512	8844601
8543398	8844486
8543387	8844330
8543358	8844179
8543288	8844035
8543177	8843868
8543136	8843732
8543144	8843564
8543048	8843474
8542914	8843312
8542879	8843191
8542845	8843025
8542764	8842884
8542747	8842687
8542770	8842612
8542694	8842469
8542597	8842344
8542480	8842157
8542423	8842031
8542385	8841901
8542379	8841790
8542323	8841599
8542201	8841494
8542186	8841350
8542106	8841207
8542027	8841076
8542019	8840977
8541942	8840803
8541843	8840682
8541804	8840584
8541780	8840394
8541707	8840283
8541712	8840192
8541638	8840055
8541615	8839878
8541450	8839794
8541493	8839651
8541404	8839517
8541297	8839406
8541230	8839276
8541187	8839118
8541144	8839030
8541128	8838917
8541059	8838764
8541028	8838549
8540986	8838474
8540929	8838366
8540888	8838223
8540879	8838110
8540746	8837972
8540693	8837822
8540641	8837722
8540598	8837613
8540538	8837476
8540491	8837400
8540407	8837298
8540324	8837144
8540309	8837022
8540206	8836872
8540216	8836802
8540165	8836684
8540104	8836505
8540069	8836423
8539913	8836300
8539949	8836201
8539926	8836051
8539847	8835918
8539810	8835866
8539714	8835715
8539658	8835599
8539611	8835511
8539563	8835449
8539480	8835257
8539427	8835178
8539406	8835038
8539344	8834974
8539322	8834871
8539264	8834713
8539213	8834659
8539138	8834512
8539083	8834393
8539049	8834298
8539060	8834218
8538923	8834109
8538914	8834019
8538827	8833899
8538758	8833730
8538768	8833705
8538687	8833585
8538613	8833464
8538596	8833373
8538502	8833234
8538475	8833144
8538446	8833045
8538377	8832899
8538310	8832825
8538266	8832715
8538213	8832636
8538121	8832526
8538128	8832428
8538084	8832315
8538019	8832206
8538005	8832120
8537878	8832021
8537914	8831903
8537800	8831839
8537791	8831738
8537689	8831600
8537640	8831521
8537591	8831403
8537501	8831297
8537537	8831254
8537420	8831154
8537382	8831114
8537316	8830962
8537252	8830861
8537221	8830828
8537219	8830691
8537144	8830614
8537091	8830557
8537038	8830411
8536977	8830313
8536936	8830258
8536856	8830123
8536799	8830019
8536838	8830039
8536753	8829885
8536650	8829758
8536623	8829703
8536581	8829661
8536550	8829515
8536463	8829446
8536468	8829379
8536443	8829323
8536345	8829206
8536323	8829141
8536240	8829016
8536223	8828919
8536163	8828886
8536099	8828769
8536071	8828645
8536052	8828664
8535983	8828471
8535881	8828449
8535907	8828367
8535834	8828257
8535814	8828118
8535782	8828105
8535713	8828042
8535666	8827956
8535711	8827852
8535609	8827820
8535621	8827686
8535467	8827638
8535485	8827556
8535410	8827439
8535341	8827447
8535349	8827333
8535326	8827256
8535232	8827180
8535242	8827067
8535226	8827053
8535173	8826976
8535106	8826834
8535064	8826825
8535014	8826697
8534955	8826684
8534936	8826577
8534920	8826521
8534836	8826487
8534738	8826330
8534725	8826290
8534745	8826267
8534685	8826146
8534621	8826089
8534650	8826038
8534574	8825938
8534523	8825872
8534530	8825796
8534385	8825699
8534405	8825682
8534411	8825615
8534320	8825523
8534276	8825465
8534297	8825433
8534177	8825307
8534135	8825210
8534103	8825126
8534067	8825118
8534013	8825014
8534014	8824984
8533972	8824908
8533879	8824839
8533867	8824825
8533791	8824777
8533780	8824643
8533704	8824593
8533634	8824570
8533609	8824452
8533597	8824444
8533590	8824361
8533537	8824256
8533489	8824217
8533515	8824151
8533442	8824144
8533404	8824019
8533322	8823979
8533307	8823917
8533277	8823859
8533254	8823818
8533195	8823712
8533157	8823702
8533128	8823600
8533062	8823555
8533000	8823535
8533029	8823454
8532981	8823386
8532964	8823303
8532862	8823246
8532837	8823224
8532804	8823151
8532738	8823080
8532718	8823082
8532693	8822962
8532578	8822882
8532600	8822823
8532578	8822795
8532544	8822753
8532525	8822641
8532450	8822579
8532453	8822546
8532419	8822450
8532301	8822446
8532256	8822461
8532217	8822307
8532245	8822200
8532147	8822207
8532081	8822146
8532110	8822084
8532056	8822019
8532022	8821980
8532003	8821885
8531942	8821863
8531913	8821830
8531799	8821795
8531724	8821735
8531751	8821621
8531746	8821646
8531668	8821554
8531586	8821488
8531615	8821466
8531489	8821397
8531490	8821343
8531482	8821302
8531386	8821272
8531422	8821188
8531353	8821152
8531322	8821078
8531297	8821074
8531184	8821008
8531191	8820971
8531098	8820946
8531159	8820855
8531113	8820884
8531093	8820776
8530989	8820754
8530985	8820705
8530895	8820633
8530861	8820598
8530856	8820605
8530799	8820500
8530804	8820506
8530729	8820441
8530738	8820391
8530639	8820343
8530658	8820298
8530612	8820251
8530576	8820212
8530515	8820177
8530495	8820118
8530494	8820130
8530413	8820097
8530330	8820100
8530363	8820014
8530377	8819976
8530299	8819992
8530301	8819939
8530311	8819895
8530224	8819903
8530242	8819891
8530219	8819829
8530153	8819888
8530135	8819808
8530124	8819766
8530093	8819760
8530070	8819726
8530056	8819728
8530011	8819743
8529953	8819731
8529974	8819723
8529940	8819667
8529917	8819654
8529855	8819540
8529866	8819592
8529885	8819581
8529804	8819572
8529748	8819635
8529807	8819570
8529729	8819593
8529768	8819520
8529720	8819539
8529730	8819496
8529663	8819542
8529634	8819523
8529673	8819468
8529590	8819506
8529605	8819522
8529539	8819477
8529561	8819425
8529561	8819439
8529473	8819393
8529547	8819456
8529452	8819364
8529524	8819363
8529407	8819373
8529377	8819345
8529387	8819271
8529380	8819270
8529381	8819277
8529316	8819237
8529291	8819204
8529331	8819193
8529285	8819171
8529273	8819184
8529295	8819109
8529150	8819080
8529201	8819066
8529241	8819051
8529134	8819045
8529119	8819052
8529095	8819021
8529147	8818951
8528967	8818980
8529040	8818896
8528996	8818888
8528905	8818880
8528973	8818881
8528979	8818890
8528961	8818800
8528892	8818811
8528873	8818707
8528864	8818748
8528886	8818721
8528764	8818696
8528754	8818698
8528743	8818691
8528713	8818626
8528662	8818608
8528711	8818581
8528665	8818579
8528613	8818562
8528601	8818523
8528562	8818490
8528571	8818446
8528502	8818465
8528536	8818461
8528527	8818385
8528475	8818368
8528453	8818330
8528397	8818352
8528321	8818291
8528380	8818285
8528277	8818272
8528333	8818237
8528278	8818181
8528257	8818114
8528178	8818126
8528169	8818101
8528193	8818098
8528208	8818110
8528083	8818021
8528033	8818036
8528071	8817955
8528051	8817946
8527987	8817888
8527972	8817831
8527946	8817886
8527912	8817792
8527881	8817815
8527846	8817781
8527805	8817738
8527806	8817724
8527821	8817723
8527730	8817656
8527659	8817649
8527692	8817590
8527641	8817628
8527657	8817598
8527579	8817548
8527602	8817552
8527486	8817498
8527486	8817446
8527457	8817386
8527428	8817411
8527389	8817347
8527413	8817330
8527353	8817294
8527298	8817295
8527271	8817324
8527236	8817232
8527286	8817261
8527189	8817246
8527148	8817200
8527150	8817202
8527075	8817083
8527099	8817086
8527043	8817098
8527000	8817052
8526957	8817067
8526952	8817057
8526964	8816988
8526908	8816967
8526898	8816955
8526826	8816955
8526865	8816869
8526837	8816853
8526758	8816915
8526742	8816865
8526724	8816796
8526677	8816800
8526677	8816771
8526630	8816700
8526580	8816720
8526576	8816670
8526501	8816659
8526516	8816641
8526437	8816676
8526477	8816628
8526419	8816599
8526402	8816547
8526341	8816556
8526349	8816558
8526314	8816510
8526307	8816503
8526234	8816473
8526224	8816483
8526244	8816467
8526198	8816465
8526156	8816421
8526148	8816458
8526069	8816473
8526073	8816461
8526031	8816421
8526006	8816403
8526028	8816378
8525992	8816391
8525935	8816436
8525962	8816399
8525952	8816386
8525914	8816367
8525881	8816429
8525870	8816407
8525866	8816360
8525832	8816351
8525827	8816398
8525844	8816372
8525826	8816351
8525789	8816347
8525796	8816336
8525751	8816286
8525770	8816295
8525733	8816284
8525703	8816318
8525691	8816234
8525657	8816238
8525628	8816191
8525638	8816197
8525548	8816199
8525585	8816209
8525617	8816203
8525527	8816148
8525521	8816109
8525520	8816154
8525477	8816129
8525479	8816110
8525430	8816033
8525414	8816022
8525361	8816035
8525355	8816010
8525311	8815991
8525353	8815972
8525263	8815977
8525252	8815939
8525254	8815936
8525208	8815949
8525194	8815908
8525154	8815918
8525163	8815882
8525071	8815876
8525112	8815858
8525066	8815887
8525091	8815836
8525036	8815849
8524937	8815838
8524969	8815845
8524986	8815853
8524902	8815747
8524956	8815787
8524874	8815734
8524859	8815742
8524858	8815718
8524765	8815761
8524868	8815749
8524714	8815719
8524835	8815700
8524682	8815687
8524699	8815687
8524724	8815648
8524665	8815660
8524596	8815656
8524597	8815684
8524581	8815668
8524590	8815623
8524540	8815622
8524490	8815640
8524455	8815650
8524464	8815669
8524480	8815627
8524446	8815704
8524458	8815651
8524356	8815645
8524376	8815663
8524333	8815646
8524361	8815624
8524297	8815615
8524261	8815633
8524241	8815648
8524267	8815652
8524221	8815579
8524228	8815594
8524210	8815580
8524180	8815637
8524124	8815614
8524109	8815572
8524112	8815556
8524082	8815539
8524089	8815619
8524092	8815543
8524025	8815533
8524005	8815550
8523993	8815490
8523938	8815560
8523958	8815498
8523991	8815523
8523867	8815467
8523867	8815519
8523862	8815543
8523865	8815524
8523842	8815518
8523853	8815523
8523836	8815564
8523867	8815540
8523724	8815502
8523807	8815571
8523794	8815505
8523725	8815531
8523708	8815509
8523680	8815518
8523679	8815514
8523714	8815534
8523608	8815483
8523624	8815496
8523622	8815508
8523621	8815517
8523625	8815543
8523605	8815539
8523584	8815500
8523533	8815521
8523510	8815486
8523566	8815461
8523537	8815485
8523479	8815452
8523458	8815506
8523418	8815496
8523382	8815424
8523339	8815483
8523390	8815449
8523351	8815443
8523390	8815453
8523302	8815448
8523343	8815434
8523339	8815444
8523317	8815400
8523289	8815470
8523267	8815394
8523212	8815393
8523227	8815409
8523176	8815400
8523170	8815434
8523155	8815393
8523136	8815409
8523129	8815306
8523136	8815333
8523138	8815375
8523058	8815377
8523055	8815390
8522994	8815349
8523069	8815407
8522936	8815387
8522925	8815351
8522932	8815373
8522969	8815364
8522987	8815420
8522919	8815379
8522934	8815391
8522949	8815414
8522869	8815417
8522878	8815351
8522874	8815414
8522834	8815383
8522799	8815403
8522879	8815368
8522827	8815419
8522824	8815405
8522842	8815419
8522750	8815347
8522761	8815401
8522760	8815411
8522750	8815313
8522698	8815372
8522725	8815388
8522721	8815401
8522648	8815401
8522692	8815382
8522650	8815395
8522644	8815356
8522667	8815321
8522575	8815414
8522579	8815317
8522560	8815316
8522538	8815355
8522548	8815331
8522539	8815314
8522517	8815341
8522458	8815327
8522508	8815358
8522467	8815360
8522430	8815299
8522460	8815290
8522426	8815306
8522399	8815295
8522327	8815303
8522337	8815248
8522364	8815273
8522333	8815263
8522347	8815268
8522285	8815245
8522232	8815226
8522258	8815209
8522245	8815215
8522231	8815211
8522190	8815191
8522194	8815221
8522169	8815247
8522126	8815219
8522118	8815224
8522121	8815206
8522164	8815154
8522099	8815180
8522054	8815196
8522006	8815165
8521983	8815186
8521953	8815141
8521954	8815188
8521898	8815178
8521938	8815158
8521935	8815129
8521900	8815182
8521911	8815131
8521874	8815154
8521922	8815104
8521820	8815107
8521882	8815153
8521786	8815096
8521821	8815086
8521748	8815093
8521818	8815069
8521803	8815072
8521650	8815068
8521737	8815050
8521641	8815056
8521686	8815104
8521632	8815020
8521652	8815073
8521585	8815025
8521599	8815102
8521570	8815047
8521585	8815028
8521549	8815023
8521536	8815060
8521523	8815062
8521524	8815026
8521517	8815018
8521548	8815006
8521492	8814980
8521455	8814954
8521435	8815031
8521410	8815017
8521370	8814974
8521382	8814992
8521391	8815016
8521362	8814959
8521392	8814941
8521268	8814968
8521266	8814959
8521309	8814972
8521339	8814920
8521284	8814950
8521233	8815008
8521232	8814934
8521272	8814978
8521210	8814961
8521203	8814945
8521168	8814954
8521179	8814895
8521169	8814896
8521165	8814947
8521058	8814910
8521121	8814877
8521096	8814887
8521055	8814896
8521055	8814922
8520997	8814896
8521013	8814948
8521022	8814861
8520979	8814901
8520900	8814897
8520877	8814851
8520906	8814864
8520881	8814855
8520903	8814915
8520793	8814888
8520847	8814864
8520792	8814863
8520754	8814836
8520823	8814801
8520786	8814813
8520734	8814832
8520706	8814810
8520717	8814758
8520683	8814813
8520657	8814769
8520631	8814804
8520670	8814753
8520651	8814779
8520722	8814801
8520525	8814760
8520562	8814749
8520554	8814688
8520570	8814741
8520526	8814759
8520541	8814795
8520501	8814721
8520532	8814765
8520532	8814727
8520520	8814803
8520501	8814732
8520400	8814767
8520450	8814757
8520428	8814682
8520470	8814697
8520358	8814732
8520378	8814744
8520326	8814694
8520308	8814696
8520356	8814686
8520325	8814736
8520357	8814679
8520343	8814652
8520261	8814659
8520283	8814668
8520207	8814658
8520172	8814620
8520186	8814606
8520203	8814681
8520149	8814638
8520123	8814624
8520139	8814640
8520136	8814613
8520129	8814607
8520090	8814596
8520033	8814632
8520094	8814647
8520058	8814652
8520075	8814605
8519949	8814585
8520027	8814610
8519943	8814582
8519984	8814559
8519951	8814579
8519913	8814580
8519932	8814595
8519885	8814549
8519839	8814544
8519873	8814532
8519840	8814535
8519868	8814589
8519797	8814577
8519802	8814586
8519762	8814525
8519752	8814559
8519802	8814497
8519748	8814539
8519780	8814509
8519787	8814532
8519795	8814474
8519725	8814522
8519646	8814550
8519714	8814502
8519644	8814507
8519641	8814528
8519635	8814503
8519583	8814496
8519585	8814515
8519563	8814457
8519573	8814471
8519508	8814546
8519579	8814473
8519462	8814514
8519526	8814529
8519513	8814487
8519530	8814497
8519465	8814465
8519464	8814513
8519423	8814440
8519402	8814469
8519440	8814506
8519466	8814448
8519366	8814512
8519414	8814491
8519359	8814452
8519341	8814488
8519306	8814437
8519279	8814456
8519320	8814433
8519277	8814419
8519319	8814445
8519245	8814450
8519251	8814448
8519235	8814471
8519246	8814465
8519241	8814434
8519174	8814412
8519217	8814445
8519154	8814409
8519164	8814372
8519158	8814450
8519185	8814508
8519057	8814303
8519077	8814354
8519074	8814341
8519129	8814382
8519063	8814327
8519037	8814290
8519053	8814252
8519002	8814174
8518928	8814203
8519006	8814156
8518905	8814181
8518906	8814151
8518849	8814078
8518953	8814075
8518869	8814076
8518881	8814080
8518851	8813957
8518805	8814016
8518792	8814042
8518787	8814048
8518775	8814030
8518674	8814036
8518744	8814007
8518751	8813964
8518655	8814054
8518645	8814056
8518643	8814033
8518662	8814038
8518668	8814034
8518665	8814026
8518632	8814022
8518613	8814025
8518636	8814041
8518582	8814059
8518601	8814017
8518574	8814022
8518544	8814021
8518556	8814045
8518555	8813976
8518537	8814028
8518507	8814028
8518498	8813980
8518434	8814044
8518526	8813992
8518455	8813982
8518405	8813998
8518441	8813966
8518446	8813934
8518322	8813952
8518377	8813999
8518316	8814009
8518350	8814019
8518300	8813989
8518302	8813980
8518295	8813981
8518298	8813986
8518307	8814015
8518185	8813997
8518261	8813985
8518261	8814000
8518233	8814044
8518214	8814011
8518157	8814032
8518110	8814013
8518166	8813991
8518103	8813980
8518131	8813911
8518082	8813948
8518092	8813987
8518113	8813952
8518035	8813954
8518073	8813956
8518051	8813977
8518052	8813923
8517991	8813945
8518026	8813938
8517986	8814026
8517987	8813917
8517921	8813981
8517922	8813938
8517966	8813915
8517968	8813882
8517885	8813898
8517920	8813899
8517893	8813857
8517946	8813887
8517896	8813918
8517829	8813897
8517835	8813931
8517825	8813932
8517780	8813869
8517875	8813887
8517745	8813910
8517767	8813905
8517796	8813911
8517721	8813916
8517728	8813905
8517673	8813943
8517739	8813978
8517676	8813963
8517668	8813987
8517630	8814002
8517680	8813935
8517673	8813974
8517696	8813949
8517640	8813940
8517648	8813934
8517612	8813978
8517559	8813950
8517565	8813990
8517577	8813949
8517567	8813943
8517616	8813944
8517633	8813962
8517592	8813946
8517569	8813932
8517594	8813950
8517574	8813958
8517561	8813986
8517520	8813909
8517527	8813923
8517532	8813896
8517492	8813912
8517529	8813855
8517548	8813954
8517473	8813945
8517502	8813900
8517465	8813924
8517437	8813940
8517403	8813869
8517448	8813893
8517397	8813926
8517444	8813950
8517416	8813931
8517397	8813947
8517368	8813927
8517381	8813888
8517300	8813880
8517283	8813872
8517320	8813887
8517231	8813866
8517290	8813896
8517282	8813869
8517225	8813907
8517204	8813933
8517261	8813884
8517190	8813839
8517162	8813874
8517187	8813869
8517136	8813884
8517239	8813880
8517172	8813862
8517105	8813814
8517167	8813877
8517116	8813832
8517064	8813813
8517110	8813866
8517042	8813838
8517069	8813801
8517086	8813791
8517028	8813771
8517029	8813800
8517002	8813783
8517037	8813803
8516995	8813797
8516984	8813817
8516960	8813793
8516950	8813765
8516951	8813762
8516924	8813802
8516875	8813736
8516884	8813737
8516876	8813759
8516833	8813677
8516843	8813766
8516841	8813741
8516813	8813704
8516810	8813687
8516753	8813732
8516774	8813726
8516711	8813681
8516742	8813720
8516729	8813687
8516775	8813700
8516760	8813666
8516679	8813709
8516686	8813635
8516665	8813664
8516652	8813701
8516665	8813672
8516591	8813691
8516642	8813681
8516650	8813665
8516617	8813685
8516540	8813633
8516572	8813640
8516556	8813644
8516545	8813617
8516560	8813590
8516509	8813613
8516521	8813581
8516535	8813665
8516481	8813587
8516448	8813643
8516440	8813577
8516470	8813636
8516413	8813658
8516428	8813622
8516372	8813579
8516411	8813562
8516374	8813585
8516392	8813576
8516365	8813565
8516309	8813558
8516370	8813613
8516417	8813554
8516262	8813634
8516351	8813621
8516301	8813569
8516238	8813515
8516291	8813521
8516280	8813560
8516238	8813559
8516251	8813576
8516250	8813563
8516159	8813547
8516158	8813557
8516188	8813507
8516209	8813493
8516148	8813502
8516156	8813565
8516137	8813515
8516075	8813528
8516115	8813471
8516094	8813494
8516091	8813489
8516103	8813491
8516083	8813485
8516091	8813480
8516096	8813523
8516044	8813527
8516107	8813517
8515974	8813480
8515977	8813530
8516008	8813519
8516027	8813493
8515989	8813479
8515987	8813444
8515939	8813514
8515982	8813456
8515925	8813483
8515918	8813454
8515921	8813425
8515933	8813445
8515913	8813346
8515912	8813476
8515895	8813422
8515834	8813409
8515851	8813456
8515862	8813396
8515840	8813382
8515795	8813382
8515832	8813409
8515794	8813376
8515800	8813329
8515735	8813384
8515774	8813412
8515746	8813372
8515726	8813361
8515772	8813334
8515741	8813330
8515745	8813333
8515689	8813339
8515746	8813347
8515693	8813339
8515682	8813336
8515753	8813335
8515650	8813330
8515673	8813320
8515673	8813312
8515675	8813385
8515633	8813346
8515603	8813307
8515598	8813359
8515620	8813324
8515611	8813310
8515622	8813286
8515607	8813269
8515577	8813376
8515538	8813303
8515573	8813296
8515656	8813276
8515523	8813306
8515563	8813295
8515532	8813230
8515576	8813283
8515518	8813265
8515453	8813266
8515513	8813281
8515441	8813256
8515431	8813269
8515465	8813273
8515445	8813279
8515428	8813257
8515397	8813232
8515447	8813256
8515384	8813265
8515432	8813250
8515451	8813242
8515382	8813262
8515403	8813248
8515372	8813269
8515334	8813215
8515387	8813261
8515341	8813269
8515374	8813211
8515299	8813202
8515397	8813234
8515358	8813217
8515286	8813226
8515278	8813277
8515337	8813223
8515277	8813195
8515249	8813214
8515256	8813198
8515290	8813262
8515229	8813172
8515254	8813153
8515217	8813156
8515285	8813220
8515219	8813207
8515235	8813176
8515167	8813211
8515209	8813201
8515165	8813150
8515213	8813171
8515249	8813222
8515160	8813156
8515211	8813169
8515134	8813146
8515164	8813205
8515182	8813177
8515148	8813119
8515172	8813124
8515148	8813132
8515142	8813138
8515136	8813194
8515157	8813132
8515152	8813199
8515130	8813141
8515098	8813136
8515140	8813167
8515102	8813183
8515089	8813080
8515097	8813151
8515085	8813079
8515016	8813141
8514995	8813170
8515071	8813109
8514980	8813116
8515029	8813081
8515084	8813093
8515012	8813107
8515051	8813136
8515005	8813086
8514981	8813025
8514972	8813134
8515035	8813057
8515057	8813094
8514962	8813106
8514988	8813116
8514992	8813065
8514966	8813115
8514935	8813166
8514900	8813115
8514936	8813058
8515024	8813064
8514917	8813085
8514955	8813077
8514947	8813050
8514911	8813090
8514924	8813072
8514940	8813079
8514913	8813042
8514911	8813089
8514858	8813033
8514894	8813007
8514867	8813054
8514880	8813054
8514870	8813074
8514805	8813084
8514897	8813086
8514846	8813030
8514841	8813042
8514860	8812993
8514833	8813066
8514809	8813014
8514834	8813032
8514840	8813073
8514792	8813029
8514864	8813046
8514838	8813008
8514814	8813047
8514876	8813048
8514789	8813037
8514789	8812967
8514860	8812988
8514774	8812975
8514761	8813010
8514754	8812984
8514792	8813012
8514708	8813014
8514716	8813000
8514721	8813015
8514751	8812989
8514698	8812991
8514722	8812992
8514705	8812994
8514688	8813055
8514707	8812996
8514680	8812982
8514665	8812999
8514715	8813051
8514711	8812963
8514668	8813057
8514677	8813000
8514683	8813014
8514687	8812972
8514671	8812990
8514649	8812992
8514745	8812989
8514697	8812954
8514636	8812965
8514679	8812925
8514552	8812941
8514583	8812990
8514606	8812956
8514667	8812952
8514549	8813000
8514555	8812955
8514543	8812984
8514574	8813006
8514539	8812980
8514573	8812975
8514565	8812965
8514559	8812930
8514532	8812990
8514504	8812916
8514518	8812974
8514505	8812894
8514537	8812959
8514534	8812951
8514525	8812965
8514512	8812903
8514515	8812922
8514511	8812907
8514542	8812891
8514532	8812926
8514434	8812990
8514440	8812961
8514536	8812886
8514472	8812897
8514496	8812935
8514478	8812941
8514535	8812952
8514476	8812910
8514495	8812962
8514450	8812906
8514417	8812899
8514456	8812907
8514411	8812919
8514454	8812917
8514403	8812893
8514450	8812894
8514352	8812895
8514355	8812910
8514458	8812880
8514439	8812856
8514405	8812886
8514388	8812853
8514393	8812914
8514394	8812888
8514407	8812892
8514366	8812894
8514383	8812902
8514292	8812870
8514352	8812852
8514348	8812901
8514342	8812845
8514346	8812858
8514357	8812838
8514292	8812888
8514343	8812861
8514307	8812901
8514260	8812893
8514290	8812859
8514294	8812884
8514300	8812805
8514249	8812806
8514309	8812833
8514291	8812876
8514252	8812859
8514270	8812874
8514235	8812838
8514287	8812817
8514275	8812824
8514238	8812807
8514240	8812886
8514237	8812843
8514238	8812866
8514238	8812880
8514228	8812859
8514229	8812821
8514230	8812846
8514231	8812816
8514186	8812815
8514197	8812821
8514200	8812856
8514206	8812845
8514236	8812827
8514199	8812812
8514203	8812863
8514255	8812830
8514195	8812862
8514185	8812789
8514208	8812831
8514183	8812822
8514195	8812842
8514128	8812861
8514190	8812779
8514102	8812782
8514094	8812802
8514112	8812850
8514172	8812802
8514107	8812788
8514079	8812784
8514142	8812797
8514148	8812769
8514135	8812853
8514090	8812761
8514129	8812839
8514144	8812854
8514118	8812815
8514064	8812830
8514110	8812793
8514080	8812792
8514108	8812812
8514095	8812767
8514092	8812799
8514112	8812848
8514017	8812826
8514054	8812796
8514073	8812717
8514127	8812829
8514084	8812821
8514062	8812828
8514035	8812785
8513978	8812745
8514033	8812804
8514064	8812772
8514020	8812719
8513980	8812791
8514034	8812779
8513995	8812792
8513966	8812798
8514003	8812725
8513980	8812763
8514014	8812805
8513989	8812743
8513986	8812726
8513966	8812815
8514020	8812814
8513944	8812780
8513978	8812759
8514000	8812785
8513972	8812761
8513990	8812836
8513951	8812813
8513985	8812851
8513949	8812860
8513992	8812808
8513942	8812847
8513981	8812828
8513898	8812814
8513950	8812819
8513962	8812841
8513911	8812842
8513886	8812878
8513869	8812873
8513970	8812862
8513901	8812882
8513959	8812845
8513869	8812861
8513912	8812868
8513969	8812907
8513965	8812859
8513895	8812830
8513906	8812855
8513861	8812874
8513887	8812845
8513956	8812880
8513934	8812845
8513918	8812902
8513910	8812954
8513934	8812864
8513918	8812844
8513863	8812893
8513872	8812893
8513923	8812847
8513900	8812859
8513892	8812938
8513871	8812823
8513824	8812873
8513866	8812899
8513835	8812851
8513868	8812923
8513879	8812878
8513857	8812914
8513878	8812880
8513844	8812928
8513884	8812856
8513848	8812930
8513881	8812898
8513865	8812850
8513800	8812915
8513825	8812881
8513744	8812924
8513899	8812894
8513844	8812865
8513802	8812858
8513853	8812856
8513846	8812890
8513761	8812857
8513885	8812887
8513831	8812872
8513801	8812961
8513815	8812947
8513763	8812905
8513765	8812929
8513765	8812925
8513796	8812837
8513847	8812897
8513847	8812909
8513860	8812966
8513819	8812946
8513791	8812988
8513822	8812912
8513818	8812898
8513830	8812930
8513820	8812928
8513761	8812933
8513801	8812927
8513774	8812973
8513845	8812927
8513729	8812964
8513764	8812974
8513798	8812907
8513769	8812978
8513814	8812932
8513773	8812918
8513818	8812968
8513772	8812922
8513790	8812924
8513784	8812930
8513724	8813022
8513769	8813015
8513784	8813011
8513714	8813017
8513721	8812989
8513783	8812955
8513791	8812977
8513729	8812975
8513718	8813001
8513763	8812961
8513808	8812991
8513764	8813026
8513750	8813055
8513739	8813018
8513770	8813055
8513736	8813014
8513723	8813002
8513772	8813105
8513733	8813083
8513743	8813100
8513717	8813129
8513686	8813106
8513777	8813096
8513736	8813078
8513804	8813108
8513817	8813072
8513764	8813150
8513747	8813143
8513762	8813173
8513711	8813180
8513836	8813146
8513751	8813154
8513767	8813151
8513787	8813175
8513753	8813195
8513786	8813228
8513746	8813195
8513751	8813206
8513766	8813197
8513729	8813169
8513792	8813188
8513735	8813205
8513792	8813164
8513775	8813280
8513777	8813228
8513802	8813179
8513817	8813193
8513843	8813184
8513811	8813172
8513790	8813229
8513768	8813180
8513805	8813291
8513783	8813192
8513770	8813189
8513746	8813201
8513789	8813204
8513735	8813210
8513777	8813216
8513793	8813177
8513789	8813211
8513816	8813245
8513786	8813195
8513778	8813224
8513805	8813223
8513775	8813242
8513761	8813242
8513748	8813209
8513835	8813280
8513783	8813272
8513810	8813204
8513792	8813273
8513699	8813249
8513815	8813248
8513722	8813211
8513738	8813212
8513780	8813215
8513726	8813230
8513748	8813259
8513787	8813244
8513722	8813228
8513688	8813292
8513757	8813239
8513722	8813251
8513742	8813262
8513775	8813257
8513723	8813292
8513772	8813258
8513762	8813266
8513779	8813336
8513763	8813262
8513716	8813318
8513785	8813308
8513721	8813349
8513695	8813278
8513746	8813331
8513730	8813325
8513736	8813288
8513746	8813374
8513720	8813347
8513663	8813338
8513761	8813354
8513681	8813370
8513728	8813313
8513745	8813347
8513701	8813374
8513722	8813354
8513740	8813334
8513738	8813357
8513662	8813335
8513745	8813401
8513681	8813333
8513734	8813386
8513767	8813356
8513768	8813377
8513713	8813380
8513749	8813382
8513734	8813372
8513714	8813378
8513757	8813399
8513785	8813352
8513699	8813430
8513761	8813384
8513779	8813387
8513753	8813415
8513742	8813368
8513726	8813373
8513706	8813352
8513721	8813333
8513728	8813364
8513733	8813359
8513691	8813397
8513723	8813371
8513737	8813361
