0.016667	8589124	8989848
0.033333	8587980	8988948
0.050000	8588032	8988540
0.066667	8587954	8988172
0.083333	8587943	8987770
0.100000	8587819	8987364
0.116667	8587722	8986976
0.133333	8587595	8986646
0.150000	8587443	8986301
0.166667	8587336	8985950
0.183333	8587227	8985575
0.200000	8587104	8985162
0.216667	8586995	8984774
0.233333	8586929	8984442
0.250000	8586774	8984040
0.266667	8586669	8983676
0.283333	8586611	8983350
0.300000	8586467	8982988
0.316667	8586359	8982645
0.333333	8586259	8982273
0.350000	8586105	8981933
0.366667	8586017	8981570
0.383333	8585937	8981245
0.400000	8585776	8980942
0.416667	8585728	8980547
0.433333	8585610	8980275
0.450000	8585465	8979886
0.466667	8585399	8979562
0.483333	8585293	8979181
0.500000	8585189	8978861
0.516667	8585082	8978514
0.533333	8584992	8978158
0.550000	8584888	8977852
0.566667	8584819	8977514
0.583333	8584715	8977144
0.600000	8584584	8976802
0.616667	8584565	8976482
0.633333	8584355	8976132
0.650000	8584224	8975784
0.666667	8584223	8975453
0.683333	8584143	8975047
0.700000	8584028	8974820
0.716667	8583860	8974420
0.733333	8583804	8974133
0.750000	8583740	8973774
0.766667	8583649	8973452
0.783333	8583505	8973084
0.800000	8583431	8972755
0.816667	8583315	8972431
0.833333	8583274	8972081
0.850000	8583118	8971802
0.866667	8583046	8971462
0.883333	8582892	8971136
0.900000	8582837	8970798
0.916667	8582837	8970434
0.933333	8582679	8970134
0.950000	8582567	8969793
0.966667	8582498	8969462
0.983333	8582410	8969163
1.000000	8582291	8968743
1.016667	8582143	8968424
1.033333	8582055	8968150
1.050000	8581979	8967758
1.066667	8581886	8967451
1.083333	8581767	8967061
1.100000	8581798	8966817
1.116667	8581585	8966516
1.133333	8581499	8966141
1.150000	8581417	8965812
1.166667	8581338	8965462
1.183333	8581241	8965196
1.200000	8581128	8964833
1.216667	8581050	8964499
1.233333	8580937	8964208
1.250000	8580845	8963855
1.266667	8580722	8963520
1.283333	8580656	8963211
1.300000	8580566	8962898
1.316667	8580500	8962568
1.333333	8580424	8962258
1.350000	8580298	8961987
1.366667	8580230	8961609
1.383333	8580018	8961283
1.400000	8580003	8960944
1.416667	8579894	8960623
1.433333	8579786	8960287
1.450000	8579735	8960022
1.466667	8579642	8959650
1.483333	8579578	8959359
1.500000	8579442	8959042
1.516667	8579389	8958748
1.533333	8579240	8958403
1.550000	8579154	8958061
1.566667	8579000	8957749
1.583333	8578905	8957365
1.600000	8578872	8957097
1.616667	8578803	8956754
1.633333	8578646	8956427
1.650000	8578566	8956136
1.666667	8578500	8955825
1.683333	8578365	8955522
1.700000	8578228	8955170
1.716667	8578173	8954857
1.733333	8578088	8954531
1.750000	8577936	8954205
1.766667	8577838	8953835
1.783333	8577794	8953543
1.800000	8577702	8953235
1.816667	8577552	8952935
1.833333	8577485	8952561
1.850000	8577305	8952293
1.866667	8577233	8951913
1.883333	8577164	8951611
1.900000	8577041	8951302
1.916667	8576927	8951024
1.933333	8576859	8950659
1.950000	8576770	8950345
1.966667	8576699	8950061
1.983333	8576528	8949688
2.000000	8576410	8949410
2.016667	8576279	8949050
2.033333	8576210	8948698
2.050000	8576070	8948429
2.066667	8576015	8948124
2.083333	8575949	8947716
2.100000	8575805	8947376
2.116667	8575708	8947086
2.133333	8575606	8946691
2.150000	8575518	8946380
2.166667	8575461	8946118
2.183333	8575309	8945792
2.200000	8575222	8945433
2.216667	8575067	8945123
2.233333	8575055	8944821
2.250000	8574919	8944473
2.266667	8574830	8944201
2.283333	8574726	8943827
2.300000	8574617	8943506
2.316667	8574601	8943134
2.333333	8574446	8942830
2.350000	8574255	8942505
2.366667	8574173	8942168
2.383333	8574098	8941851
2.400000	8574048	8941569
2.416667	8573963	8941213
2.433333	8573812	8940912
2.450000	8573763	8940523
2.466667	8573664	8940261
2.483333	8573547	8939900
2.500000	8573488	8939594
2.516667	8573409	8939214
2.533333	8573272	8938940
2.550000	8573142	8938634
2.566667	8573133	8938356
2.583333	8572993	8938015
2.600000	8572902	8937672
2.616667	8572868	8937304
2.633333	8572752	8936995
2.650000	8572663	8936734
2.666667	8572545	8936439
2.683333	8572514	8936102
2.700000	8572428	8935842
2.716667	8572279	8935477
2.733333	8572202	8935161
2.750000	8572067	8934809
2.766667	8572047	8934522
2.783333	8571929	8934225
2.800000	8571891	8933880
2.816667	8571772	8933632
2.833333	8571658	8933216
2.850000	8571612	8932963
2.866667	8571459	8932630
2.883333	8571376	8932322
2.900000	8571311	8932041
2.916667	8571232	8931724
2.933333	8571098	8931429
2.950000	8571064	8931185
2.966667	8570903	8930807
2.983333	8570845	8930506
3.000000	8570730	8930208
3.016667	8570656	8929878
3.033333	8570579	8929597
3.050000	8570534	8929275
3.066667	8570374	8928985
3.083333	8570364	8928675
3.100000	8570256	8928334
3.116667	8570140	8928073
3.133333	8570077	8927801
3.150000	8569999	8927444
3.166667	8569948	8927156
3.183333	8569844	8926870
3.200000	8569724	8926534
3.216667	8569651	8926238
3.233333	8569601	8925918
3.250000	8569455	8925612
3.266667	8569383	8925339
3.283333	8569353	8925027
3.300000	8569224	8924729
3.316667	8569151	8924350
3.333333	8569027	8924138
3.350000	8568916	8923850
3.366667	8568909	8923519
3.383333	8568810	8923254
3.400000	8568697	8922946
3.416667	8568643	8922655
3.433333	8568548	8922302
3.450000	8568491	8922033
3.466667	8568354	8921693
3.483333	8568273	8921426
3.500000	8568221	8921132
3.516667	8568089	8920747
3.533333	8568030	8920476
3.550000	8567924	8920178
3.566667	8567770	8919867
3.583333	8567744	8919647
3.600000	8567665	8919272
3.616667	8567554	8919045
3.633333	8567503	8918726
3.650000	8567437	8918425
3.666667	8567305	8918125
3.683333	8567235	8917806
3.700000	8567116	8917510
3.716667	8567044	8917235
3.733333	8566995	8916921
3.750000	8566823	8916644
3.766667	8566773	8916337
3.783333	8566692	8916082
3.800000	8566625	8915795
3.816667	8566513	8915493
3.833333	8566408	8915131
3.850000	8566315	8914857
3.866667	8566282	8914574
3.883333	8566145	8914276
3.900000	8566104	8913922
3.916667	8566002	8913694
3.933333	8565886	8913346
3.950000	8565860	8913041
3.966667	8565750	8912779
3.983333	8565654	8912503
4.000000	8565546	8912243
4.016667	8565456	8911964
4.033333	8565364	8911586
4.050000	8565376	8911388
4.066667	8565231	8911017
4.083333	8565154	8910836
4.100000	8565056	8910453
4.116667	8565048	8910133
4.133333	8564894	8909887
4.150000	8564721	8909611
4.166667	8564734	8909277
4.183333	8564620	8908993
4.200000	8564552	8908711
4.216667	8564405	8908403
4.233333	8564325	8908131
4.250000	8564271	8907875
4.266667	8564171	8907556
4.283333	8564059	8907310
4.300000	8564020	8906985
4.316667	8563902	8906692
4.333333	8563843	8906467
4.350000	8563794	8906152
4.366667	8563677	8905883
4.383333	8563622	8905518
4.400000	8563520	8905305
4.416667	8563438	8904985
4.433333	8563295	8904727
4.450000	8563257	8904408
4.466667	8563118	8904142
4.483333	8563092	8903866
4.500000	8562953	8903577
4.516667	8562879	8903258
4.533333	8562861	8902992
4.550000	8562711	8902667
4.566667	8562623	8902402
4.583333	8562499	8902137
4.600000	8562431	8901891
4.616667	8562416	8901603
4.633333	8562342	8901296
4.650000	8562216	8901040
4.666667	8562116	8900754
4.683333	8562033	8900461
4.700000	8561947	8900231
4.716667	8561841	8899938
4.733333	8561759	8899629
4.750000	8561724	8899386
4.766667	8561624	8899106
4.783333	8561542	8898792
4.800000	8561473	8898477
4.816667	8561329	8898171
4.833333	8561297	8897983
4.850000	8561170	8897642
4.866667	8561069	8897361
4.883333	8561079	8897177
4.900000	8560948	8896850
4.916667	8560880	8896594
4.933333	8560721	8896327
4.950000	8560722	8896040
4.966667	8560586	8895737
4.983333	8560539	8895469
5.000000	8560448	8895247
5.016667	8560341	8894955
5.033333	8560252	8894671
5.050000	8560175	8894392
5.066667	8560087	8894082
5.083333	8560053	8893880
5.100000	8559978	8893574
5.116667	8559863	8893315
5.133333	8559773	8893042
5.150000	8559701	8892789
5.166667	8559587	8892530
5.183333	8559577	8892267
5.200000	8559482	8891979
5.216667	8559325	8891706
5.233333	8559337	8891454
5.250000	8559284	8891202
5.266667	8559095	8890853
5.283333	8559023	8890685
5.300000	8558911	8890364
5.316667	8558934	8890095
5.333333	8558812	8889846
5.350000	8558678	8889583
5.366667	8558649	8889310
5.383333	8558594	8889025
5.400000	8558481	8888755
5.416667	8558398	8888531
5.433333	8558317	8888270
5.450000	8558181	8888029
5.466667	8558168	8887761
5.483333	8558107	8887506
5.500000	8558005	8887204
5.516667	8557891	8886965
5.533333	8557840	8886638
5.550000	8557769	8886431
5.566667	8557692	8886171
5.583333	8557621	8885944
5.600000	8557476	8885659
5.616667	8557396	8885384
5.633333	8557280	8885104
5.650000	8557314	8884905
5.666667	8557196	8884641
5.683333	8557074	8884405
5.700000	8557032	8884087
5.716667	8556976	8883894
5.733333	8556858	8883638
5.750000	8556746	8883365
5.766667	8556729	8883118
5.783333	8556659	8882870
5.800000	8556631	8882587
5.816667	8556514	8882357
5.833333	8556384	8882105
5.850000	8556325	8881922
5.866667	8556283	8881615
5.883333	8556180	8881360
5.900000	8556150	8881119
5.916667	8556018	8880849
5.933333	8555945	8880580
5.950000	8555885	8880365
5.966667	8555760	8880086
5.983333	8555672	8879829
6.000000	8555638	8879610
6.016667	8555561	8879384
6.033333	8555512	8879137
6.050000	8555382	8878887
6.066667	8555310	8878655
6.083333	8555205	8878424
6.100000	8555185	8878198
6.116667	8555042	8877962
6.133333	8555069	8877691
6.150000	8554895	8877482
6.166667	8554851	8877265
6.183333	8554793	8876951
6.200000	8554725	8876731
6.216667	8554573	8876523
6.233333	8554562	8876287
6.250000	8554525	8875974
6.266667	8554441	8875765
6.283333	8554312	8875555
6.300000	8554306	8875285
6.316667	8554169	8875094
6.333333	8554115	8874865
6.350000	8554062	8874637
6.366667	8553991	8874392
6.383333	8553912	8874150
6.400000	8553836	8873905
6.416667	8553626	8873727
6.433333	8553662	8873438
6.450000	8553578	8873190
6.466667	8553466	8872994
6.483333	8553460	8872698
6.500000	8553370	8872545
6.516667	8553281	8872254
6.533333	8553199	8872083
6.550000	8553100	8871802
6.566667	8553048	8871549
6.583333	8553012	8871383
6.600000	8552965	8871095
6.616667	8552831	8870901
6.633333	8552775	8870695
6.650000	8552741	8870468
6.666667	8552644	8870233
6.683333	8552538	8869986
6.700000	8552464	8869837
6.716667	8552378	8869579
6.733333	8552346	8869395
6.750000	8552326	8869132
6.766667	8552219	8868917
6.783333	8552131	8868700
6.800000	8552063	8868496
6.816667	8552018	8868269
6.833333	8551925	8868084
6.850000	8551829	8867866
6.866667	8551795	8867662
6.883333	8551686	8867429
6.900000	8551581	8867217
6.916667	8551575	8866971
6.933333	8551531	8866768
6.950000	8551421	8866587
6.966667	8551332	8866351
6.983333	8551254	8866149
7.000000	8551157	8865943
7.016667	8551143	8865699
7.033333	8551066	8865495
7.050000	8550931	8865217
7.066667	8550957	8865079
7.083333	8550876	8864822
7.100000	8550766	8864641
7.116667	8550709	8864458
7.133333	8550710	8864214
7.150000	8550585	8864027
7.166667	8550486	8863854
7.183333	8550412	8863641
7.200000	8550379	8863336
7.216667	8550285	8863196
7.233333	8550235	8862958
7.250000	8550171	8862793
7.266667	8550083	8862604
7.283333	8550045	8862401
7.300000	8549885	8862231
7.316667	8549860	8861994
7.333333	8549793	8861799
7.350000	8549787	8861587
7.366667	8549643	8861415
7.383333	8549610	8861216
7.400000	8549517	8861002
7.416667	8549506	8860816
7.433333	8549407	8860597
7.450000	8549287	8860406
7.466667	8549307	8860188
7.483333	8549197	8860003
7.500000	8549145	8859806
7.516667	8549070	8859623
7.533333	8548969	8859394
7.550000	8548967	8859217
7.566667	8548821	8859016
7.583333	8548827	8858854
7.600000	8548702	8858662
7.616667	8548674	8858405
7.633333	8548594	8858282
7.650000	8548535	8858059
7.666667	8548443	8857875
7.683333	8548415	8857666
7.700000	8548328	8857552
7.716667	8548241	8857324
7.733333	8548175	8857177
7.750000	8548064	8856940
7.766667	8548097	8856688
7.783333	8547980	8856612
7.800000	8547919	8856380
7.816667	8547804	8856202
7.833333	8547752	8855962
7.850000	8547717	8855850
7.866667	8547641	8855634
7.883333	8547637	8855475
7.900000	8547531	8855354
7.916667	8547388	8855133
7.933333	8547440	8854899
7.950000	8547351	8854697
7.966667	8547249	8854501
7.983333	8547192	8854431
8.000000	8547123	8854199
8.016667	8547009	8854016
8.033333	8547007	8853856
8.050000	8546869	8853656
8.066667	8546892	8853508
8.083333	8546804	8853358
8.100000	8546785	8853156
8.116667	8546686	8852982
8.133333	8546620	8852753
8.150000	8546560	8852666
8.166667	8546491	8852471
8.183333	8546482	8852275
8.200000	8546370	8852131
8.216667	8546269	8851922
8.233333	8546188	8851766
8.250000	8546206	8851650
8.266667	8546042	8851392
8.283333	8545995	8851285
8.300000	8545977	8851063
8.316667	8545866	8850895
8.333333	8545851	8850717
8.350000	8545784	8850538
8.366667	8545741	8850458
8.383333	8545683	8850262
8.400000	8545576	8850106
8.416667	8545558	8849948
8.433333	8545507	8849732
8.450000	8545404	8849586
8.466667	8545406	8849413
8.483333	8545307	8849312
8.500000	8545209	8849104
8.516667	8545179	8848876
8.533333	8545129	8848781
8.550000	8545026	8848601
8.566667	8545006	8848448
8.583333	8544935	8848314
8.600000	8544908	8848131
8.616667	8544828	8848004
8.633333	8544761	8847814
8.650000	8544688	8847704
8.666667	8544614	8847497
8.683333	8544555	8847357
8.700000	8544539	8847222
8.716667	8544459	8847052
8.733333	8544426	8846897
8.750000	8544370	8846688
8.766667	8544231	8846533
8.783333	8544246	8846392
8.800000	8544137	8846298
8.816667	8544091	8846122
8.833333	8544048	8845957
8.850000	8543936	8845742
8.866667	8543936	8845618
8.883333	8543833	8845500
8.900000	8543770	8845353
8.916667	8543787	8845214
8.933333	8543641	8845096
8.950000	8543626	8844899
8.966667	8543597	8844759
8.983333	8543512	8844601
9.000000	8543398	8844486
9.016667	8543387	8844330
9.033333	8543358	8844179
9.050000	8543288	8844035
9.066667	8543177	8843868
9.083333	8543136	8843732
9.100000	8543144	8843564
9.116667	8543048	8843474
9.133333	8542914	8843312
9.150000	8542879	8843191
9.166667	8542845	8843025
9.183333	8542764	8842884
9.200000	8542747	8842687
9.216667	8542770	8842612
9.233333	8542694	8842469
9.250000	8542597	8842344
9.266667	8542480	8842157
9.283333	8542423	8842031
9.300000	8542385	8841901
9.316667	8542379	8841790
9.333333	8542323	8841599
9.350000	8542201	8841494
9.366667	8542186	8841350
9.383333	8542106	8841207
9.400000	8542027	8841076
9.416667	8542019	8840977
9.433333	8541942	8840803
9.450000	8541843	8840682
9.466667	8541804	8840584
9.483333	8541780	8840394
9.500000	8541707	8840283
9.516667	8541712	8840192
9.533333	8541638	8840055
9.550000	8541615	8839878
9.566667	8541450	8839794
9.583333	8541493	8839651
9.600000	8541404	8839517
9.616667	8541297	8839406
9.633333	8541230	8839276
9.650000	8541187	8839118
9.666667	8541144	8839030
9.683333	8541128	8838917
9.700000	8541059	8838764
9.716667	8541028	8838549
9.733333	8540986	8838474
9.750000	8540929	8838366
9.766667	8540888	8838223
9.783333	8540879	8838110
9.800000	8540746	8837972
9.816667	8540693	8837822
9.833333	8540641	8837722
9.850000	8540598	8837613
9.866667	8540538	8837476
9.883333	8540491	8837400
9.900000	8540407	8837298
9.916667	8540324	8837144
9.933333	8540309	8837022
9.950000	8540206	8836872
9.966667	8540216	8836802
9.983333	8540165	8836684
10.000000	8540104	8836505
10.016667	8540069	8836423
10.033333	8539913	8836300
10.050000	8539949	8836201
10.066667	8539926	8836051
10.083333	8539847	8835918
10.100000	8539810	8835866
10.116667	8539714	8835715
10.133333	8539658	8835599
10.150000	8539611	8835511
10.166667	8539563	8835449
10.183333	8539480	8835257
10.200000	8539427	8835178
10.216667	8539406	8835038
10.233333	8539344	8834974
10.250000	8539322	8834871
10.266667	8539264	8834713
10.283333	8539213	8834659
10.300000	8539138	8834512
10.316667	8539083	8834393
10.333333	8539049	8834298
10.350000	8539060	8834218
10.366667	8538923	8834109
10.383333	8538914	8834019
10.400000	8538827	8833899
10.416667	8538758	8833730
10.433333	8538768	8833705
10.450000	8538687	8833585
10.466667	8538613	8833464
10.483333	8538596	8833373
10.500000	8538502	8833234
10.516667	8538475	8833144
10.533333	8538446	8833045
10.550000	8538377	8832899
10.566667	8538310	8832825
10.583333	8538266	8832715
10.600000	8538213	8832636
10.616667	8538121	8832526
10.633333	8538128	8832428
10.650000	8538084	8832315
10.666667	8538019	8832206
10.683333	8538005	8832120
10.700000	8537878	8832021
10.716667	8537914	8831903
10.733333	8537800	8831839
10.750000	8537791	8831738
10.766667	8537689	8831600
10.783333	8537640	8831521
10.800000	8537591	8831403
10.816667	8537501	8831297
10.833333	8537537	8831254
10.850000	8537420	8831154
10.866667	8537382	8831114
10.883333	8537316	8830962
10.900000	8537252	8830861
10.916667	8537221	8830828
10.933333	8537219	8830691
10.950000	8537144	8830614
10.966667	8537091	8830557
10.983333	8537038	8830411
11.000000	8536977	8830313
11.016667	8536936	8830258
11.033333	8536856	8830123
11.050000	8536799	8830019
11.066667	8536838	8830039
11.083333	8536753	8829885
11.100000	8536650	8829758
11.116667	8536623	8829703
11.133333	8536581	8829661
11.150000	8536550	8829515
11.166667	8536463	8829446
11.183333	8536468	8829379
11.200000	8536443	8829323
11.216667	8536345	8829206
11.233333	8536323	8829141
11.250000	8536240	8829016
11.266667	8536223	8828919
11.283333	8536163	8828886
11.300000	8536099	8828769
11.316667	8536071	8828645
11.333333	8536052	8828664
11.350000	8535983	8828471
11.366667	8535881	8828449
11.383333	8535907	8828367
11.400000	8535834	8828257
11.416667	8535814	8828118
11.433333	8535782	8828105
11.450000	8535713	8828042
11.466667	8535666	8827956
11.483333	8535711	8827852
11.500000	8535609	8827820
11.516667	8535621	8827686
11.533333	8535467	8827638
11.550000	8535485	8827556
11.566667	8535410	8827439
11.583333	8535341	8827447
11.600000	8535349	8827333
11.616667	8535326	8827256
11.633333	8535232	8827180
11.650000	8535242	8827067
11.666667	8535226	8827053
11.683333	8535173	8826976
11.700000	8535106	8826834
11.716667	8535064	8826825
11.733333	8535014	8826697
11.750000	8534955	8826684
11.766667	8534936	8826577
11.783333	8534920	8826521
11.800000	8534836	8826487
11.816667	8534738	8826330
11.833333	8534725	8826290
11.850000	8534745	8826267
11.866667	8534685	8826146
11.883333	8534621	8826089
11.900000	8534650	8826038
11.916667	8534574	8825938
11.933333	8534523	8825872
11.950000	8534530	8825796
11.966667	8534385	8825699
11.983333	8534405	8825682
12.000000	8534411	8825615
12.016667	8534320	8825523
12.033333	8534276	8825465
12.050000	8534297	8825433
12.066667	8534177	8825307
12.083333	8534135	8825210
12.100000	8534103	8825126
12.116667	8534067	8825118
12.133333	8534013	8825014
12.150000	8534014	8824984
12.166667	8533972	8824908
12.183333	8533879	8824839
12.200000	8533867	8824825
12.216667	8533791	8824777
12.233333	8533780	8824643
12.250000	8533704	8824593
12.266667	8533634	8824570
12.283333	8533609	8824452
12.300000	8533597	8824444
12.316667	8533590	8824361
12.333333	8533537	8824256
12.350000	8533489	8824217
12.366667	8533515	8824151
12.383333	8533442	8824144
12.400000	8533404	8824019
12.416667	8533322	8823979
12.433333	8533307	8823917
12.450000	8533277	8823859
12.466667	8533254	8823818
12.483333	8533195	8823712
12.500000	8533157	8823702
12.516667	8533128	8823600
12.533333	8533062	8823555
12.550000	8533000	8823535
12.566667	8533029	8823454
12.583333	8532981	8823386
12.600000	8532964	8823303
12.616667	8532862	8823246
12.633333	8532837	8823224
12.650000	8532804	8823151
12.666667	8532738	8823080
12.683333	8532718	8823082
12.700000	8532693	8822962
12.716667	8532578	8822882
12.733333	8532600	8822823
12.750000	8532578	8822795
12.766667	8532544	8822753
12.783333	8532525	8822641
12.800000	8532450	8822579
12.816667	8532453	8822546
12.833333	8532419	8822450
12.850000	8532301	8822446
12.866667	8532256	8822461
12.883333	8532217	8822307
12.900000	8532245	8822200
12.916667	8532147	8822207
12.933333	8532081	8822146
12.950000	8532110	8822084
12.966667	8532056	8822019
12.983333	8532022	8821980
13.000000	8532003	8821885
13.016667	8531942	8821863
13.033333	8531913	8821830
13.050000	8531799	8821795
13.066667	8531724	8821735
13.083333	8531751	8821621
13.100000	8531746	8821646
13.116667	8531668	8821554
13.133333	8531586	8821488
13.150000	8531615	8821466
13.166667	8531489	8821397
13.183333	8531490	8821343
13.200000	8531482	8821302
13.216667	8531386	8821272
13.233333	8531422	8821188
13.250000	8531353	8821152
13.266667	8531322	8821078
13.283333	8531297	8821074
13.300000	8531184	8821008
13.316667	8531191	8820971
13.333333	8531098	8820946
13.350000	8531159	8820855
13.366667	8531113	8820884
13.383333	8531093	8820776
13.400000	8530989	8820754
13.416667	8530985	8820705
13.433333	8530895	8820633
13.450000	8530861	8820598
13.466667	8530856	8820605
13.483333	8530799	8820500
13.500000	8530804	8820506
13.516667	8530729	8820441
13.533333	8530738	8820391
13.550000	8530639	8820343
13.566667	8530658	8820298
13.583333	8530612	8820251
13.600000	8530576	8820212
13.616667	8530515	8820177
13.633333	8530495	8820118
13.650000	8530494	8820130
13.666667	8530413	8820097
13.683333	8530330	8820100
13.700000	8530363	8820014
13.716667	8530377	8819976
13.733333	8530299	8819992
13.750000	8530301	8819939
13.766667	8530311	8819895
13.783333	8530224	8819903
13.800000	8530242	8819891
13.816667	8530219	8819829
13.833333	8530153	8819888
13.850000	8530135	8819808
13.866667	8530124	8819766
13.883333	8530093	8819760
13.900000	8530070	8819726
13.916667	8530056	8819728
13.933333	8530011	8819743
13.950000	8529953	8819731
13.966667	8529974	8819723
13.983333	8529940	8819667
14.000000	8529917	8819654
14.016667	8529855	8819540
14.033333	8529866	8819592
14.050000	8529885	8819581
14.066667	8529804	8819572
14.083333	8529748	8819635
14.100000	8529807	8819570
14.116667	8529729	8819593
14.133333	8529768	8819520
14.150000	8529720	8819539
14.166667	8529730	8819496
14.183333	8529663	8819542
14.200000	8529634	8819523
14.216667	8529673	8819468
14.233333	8529590	8819506
14.250000	8529605	8819522
14.266667	8529539	8819477
14.283333	8529561	8819425
14.300000	8529561	8819439
14.316667	8529473	8819393
14.333333	8529547	8819456
14.350000	8529452	8819364
14.366667	8529524	8819363
14.383333	8529407	8819373
14.400000	8529377	8819345
14.416667	8529387	8819271
14.433333	8529380	8819270
14.450000	8529381	8819277
14.466667	8529316	8819237
14.483333	8529291	8819204
14.500000	8529331	8819193
14.516667	8529285	8819171
14.533333	8529273	8819184
14.550000	8529295	8819109
14.566667	8529150	8819080
14.583333	8529201	8819066
14.600000	8529241	8819051
14.616667	8529134	8819045
14.633333	8529119	8819052
14.650000	8529095	8819021
14.666667	8529147	8818951
14.683333	8528967	8818980
14.700000	8529040	8818896
14.716667	8528996	8818888
14.733333	8528905	8818880
14.750000	8528973	8818881
14.766667	8528979	8818890
14.783333	8528961	8818800
14.800000	8528892	8818811
14.816667	8528873	8818707
14.833333	8528864	8818748
14.850000	8528886	8818721
14.866667	8528764	8818696
14.883333	8528754	8818698
14.900000	8528743	8818691
14.916667	8528713	8818626
14.933333	8528662	8818608
14.950000	8528711	8818581
14.966667	8528665	8818579
14.983333	8528613	8818562
15.000000	8528601	8818523
15.016667	8528562	8818490
15.033333	8528571	8818446
15.050000	8528502	8818465
15.066667	8528536	8818461
15.083333	8528527	8818385
15.100000	8528475	8818368
15.116667	8528453	8818330
15.133333	8528397	8818352
15.150000	8528321	8818291
15.166667	8528380	8818285
15.183333	8528277	8818272
15.200000	8528333	8818237
15.216667	8528278	8818181
15.233333	8528257	8818114
15.250000	8528178	8818126
15.266667	8528169	8818101
15.283333	8528193	8818098
15.300000	8528208	8818110
15.316667	8528083	8818021
15.333333	8528033	8818036
15.350000	8528071	8817955
15.366667	8528051	8817946
15.383333	8527987	8817888
15.400000	8527972	8817831
15.416667	8527946	8817886
15.433333	8527912	8817792
15.450000	8527881	8817815
15.466667	8527846	8817781
15.483333	8527805	8817738
15.500000	8527806	8817724
15.516667	8527821	8817723
15.533333	8527730	8817656
15.550000	8527659	8817649
15.566667	8527692	8817590
15.583333	8527641	8817628
15.600000	8527657	8817598
15.616667	8527579	8817548
15.633333	8527602	8817552
15.650000	8527486	8817498
15.666667	8527486	8817446
15.683333	8527457	8817386
15.700000	8527428	8817411
15.716667	8527389	8817347
15.733333	8527413	8817330
15.750000	8527353	8817294
15.766667	8527298	8817295
15.783333	8527271	8817324
15.800000	8527236	8817232
15.816667	8527286	8817261
15.833333	8527189	8817246
15.850000	8527148	8817200
15.866667	8527150	8817202
15.883333	8527075	8817083
15.900000	8527099	8817086
15.916667	8527043	8817098
15.933333	8527000	8817052
15.950000	8526957	8817067
15.966667	8526952	8817057
15.983333	8526964	8816988
16.000000	8526908	8816967
16.016667	8526898	8816955
16.033333	8526826	8816955
16.050000	8526865	8816869
16.066667	8526837	8816853
16.083333	8526758	8816915
16.100000	8526742	8816865
16.116667	8526724	8816796
16.133333	8526677	8816800
16.150000	8526677	8816771
16.166667	8526630	8816700
16.183333	8526580	8816720
16.200000	8526576	8816670
16.216667	8526501	8816659
16.233333	8526516	8816641
16.250000	8526437	8816676
16.266667	8526477	8816628
16.283333	8526419	8816599
16.300000	8526402	8816547
16.316667	8526341	8816556
16.333333	8526349	8816558
16.350000	8526314	8816510
16.366667	8526307	8816503
16.383333	8526234	8816473
16.400000	8526224	8816483
16.416667	8526244	8816467
16.433333	8526198	8816465
16.450000	8526156	8816421
16.466667	8526148	8816458
16.483333	8526069	8816473
16.500000	8526073	8816461
16.516667	8526031	8816421
16.533333	8526006	8816403
16.550000	8526028	8816378
16.566667	8525992	8816391
16.583333	8525935	8816436
16.600000	8525962	8816399
16.616667	8525952	8816386
16.633333	8525914	8816367
16.650000	8525881	8816429
16.666667	8525870	8816407
16.683333	8525866	8816360
16.700000	8525832	8816351
16.716667	8525827	8816398
16.733333	8525844	8816372
16.750000	8525826	8816351
16.766667	8525789	8816347
16.783333	8525796	8816336
16.800000	8525751	8816286
16.816667	8525770	8816295
16.833333	8525733	8816284
16.850000	8525703	8816318
16.866667	8525691	8816234
16.883333	8525657	8816238
16.900000	8525628	8816191
16.916667	8525638	8816197
16.933333	8525548	8816199
16.950000	8525585	8816209
16.966667	8525617	8816203
16.983333	8525527	8816148
17.000000	8525521	8816109
17.016667	8525520	8816154
17.033333	8525477	8816129
17.050000	8525479	8816110
17.066667	8525430	8816033
17.083333	8525414	8816022
17.100000	8525361	8816035
17.116667	8525355	8816010
17.133333	8525311	8815991
17.150000	8525353	8815972
17.166667	8525263	8815977
17.183333	8525252	8815939
17.200000	8525254	8815936
17.216667	8525208	8815949
17.233333	8525194	8815908
17.250000	8525154	8815918
17.266667	8525163	8815882
17.283333	8525071	8815876
17.300000	8525112	8815858
17.316667	8525066	8815887
17.333333	8525091	8815836
17.350000	8525036	8815849
17.366667	8524937	8815838
17.383333	8524969	8815845
17.400000	8524986	8815853
17.416667	8524902	8815747
17.433333	8524956	8815787
17.450000	8524874	8815734
17.466667	8524859	8815742
17.483333	8524858	8815718
17.500000	8524765	8815761
17.516667	8524868	8815749
17.533333	8524714	8815719
17.550000	8524835	8815700
17.566667	8524682	8815687
17.583333	8524699	8815687
17.600000	8524724	8815648
17.616667	8524665	8815660
17.633333	8524596	8815656
17.650000	8524597	8815684
17.666667	8524581	8815668
17.683333	8524590	8815623
17.700000	8524540	8815622
17.716667	8524490	8815640
17.733333	8524455	8815650
17.750000	8524464	8815669
17.766667	8524480	8815627
17.783333	8524446	8815704
17.800000	8524458	8815651
17.816667	8524356	8815645
17.833333	8524376	8815663
17.850000	8524333	8815646
17.866667	8524361	8815624
17.883333	8524297	8815615
17.900000	8524261	8815633
17.916667	8524241	8815648
17.933333	8524267	8815652
17.950000	8524221	8815579
17.966667	8524228	8815594
17.983333	8524210	8815580
18.000000	8524180	8815637
18.016667	8524124	8815614
18.033333	8524109	8815572
18.050000	8524112	8815556
18.066667	8524082	8815539
18.083333	8524089	8815619
18.100000	8524092	8815543
18.116667	8524025	8815533
18.133333	8524005	8815550
18.150000	8523993	8815490
18.166667	8523938	8815560
18.183333	8523958	8815498
18.200000	8523991	8815523
18.216667	8523867	8815467
18.233333	8523867	8815519
18.250000	8523862	8815543
18.266667	8523865	8815524
18.283333	8523842	8815518
18.300000	8523853	8815523
18.316667	8523836	8815564
18.333333	8523867	8815540
18.350000	8523724	8815502
18.366667	8523807	8815571
18.383333	8523794	8815505
18.400000	8523725	8815531
18.416667	8523708	8815509
18.433333	8523680	8815518
18.450000	8523679	8815514
18.466667	8523714	8815534
18.483333	8523608	8815483
18.500000	8523624	8815496
18.516667	8523622	8815508
18.533333	8523621	8815517
18.550000	8523625	8815543
18.566667	8523605	8815539
18.583333	8523584	8815500
18.600000	8523533	8815521
18.616667	8523510	8815486
18.633333	8523566	8815461
18.650000	8523537	8815485
18.666667	8523479	8815452
18.683333	8523458	8815506
18.700000	8523418	8815496
18.716667	8523382	8815424
18.733333	8523339	8815483
18.750000	8523390	8815449
18.766667	8523351	8815443
18.783333	8523390	8815453
18.800000	8523302	8815448
18.816667	8523343	8815434
18.833333	8523339	8815444
18.850000	8523317	8815400
18.866667	8523289	8815470
18.883333	8523267	8815394
18.900000	8523212	8815393
18.916667	8523227	8815409
18.933333	8523176	8815400
18.950000	8523170	8815434
18.966667	8523155	8815393
18.983333	8523136	8815409
19.000000	8523129	8815306
19.016667	8523136	8815333
19.033333	8523138	8815375
19.050000	8523058	8815377
19.066667	8523055	8815390
19.083333	8522994	8815349
19.100000	8523069	8815407
19.116667	8522936	8815387
19.133333	8522925	8815351
19.150000	8522932	8815373
19.166667	8522969	8815364
19.183333	8522987	8815420
19.200000	8522919	8815379
19.216667	8522934	8815391
19.233333	8522949	8815414
19.250000	8522869	8815417
19.266667	8522878	8815351
19.283333	8522874	8815414
19.300000	8522834	8815383
19.316667	8522799	8815403
19.333333	8522879	8815368
19.350000	8522827	8815419
19.366667	8522824	8815405
19.383333	8522842	8815419
19.400000	8522750	8815347
19.416667	8522761	8815401
19.433333	8522760	8815411
19.450000	8522750	8815313
19.466667	8522698	8815372
19.483333	8522725	8815388
19.500000	8522721	8815401
19.516667	8522648	8815401
19.533333	8522692	8815382
19.550000	8522650	8815395
19.566667	8522644	8815356
19.583333	8522667	8815321
19.600000	8522575	8815414
19.616667	8522579	8815317
19.633333	8522560	8815316
19.650000	8522538	8815355
19.666667	8522548	8815331
19.683333	8522539	8815314
19.700000	8522517	8815341
19.716667	8522458	8815327
19.733333	8522508	8815358
19.750000	8522467	8815360
19.766667	8522430	8815299
19.783333	8522460	8815290
19.800000	8522426	8815306
19.816667	8522399	8815295
19.833333	8522327	8815303
19.850000	8522337	8815248
19.866667	8522364	8815273
19.883333	8522333	8815263
19.900000	8522347	8815268
19.916667	8522285	8815245
19.933333	8522232	8815226
19.950000	8522258	8815209
19.966667	8522245	8815215
19.983333	8522231	8815211
20.000000	8522190	8815191
20.016667	8522194	8815221
20.033333	8522169	8815247
20.050000	8522126	8815219
20.066667	8522118	8815224
20.083333	8522121	8815206
20.100000	8522164	8815154
20.116667	8522099	8815180
20.133333	8522054	8815196
20.150000	8522006	8815165
20.166667	8521983	8815186
20.183333	8521953	8815141
20.200000	8521954	8815188
20.216667	8521898	8815178
20.233333	8521938	8815158
20.250000	8521935	8815129
20.266667	8521900	8815182
20.283333	8521911	8815131
20.300000	8521874	8815154
20.316667	8521922	8815104
20.333333	8521820	8815107
20.350000	8521882	8815153
20.366667	8521786	8815096
20.383333	8521821	8815086
20.400000	8521748	8815093
20.416667	8521818	8815069
20.433333	8521803	8815072
20.450000	8521650	8815068
20.466667	8521737	8815050
20.483333	8521641	8815056
20.500000	8521686	8815104
20.516667	8521632	8815020
20.533333	8521652	8815073
20.550000	8521585	8815025
20.566667	8521599	8815102
20.583333	8521570	8815047
20.600000	8521585	8815028
20.616667	8521549	8815023
20.633333	8521536	8815060
20.650000	8521523	8815062
20.666667	8521524	8815026
20.683333	8521517	8815018
20.700000	8521548	8815006
20.716667	8521492	8814980
20.733333	8521455	8814954
20.750000	8521435	8815031
20.766667	8521410	8815017
20.783333	8521370	8814974
20.800000	8521382	8814992
20.816667	8521391	8815016
20.833333	8521362	8814959
20.850000	8521392	8814941
20.866667	8521268	8814968
20.883333	8521266	8814959
20.900000	8521309	8814972
20.916667	8521339	8814920
20.933333	8521284	8814950
20.950000	8521233	8815008
20.966667	8521232	8814934
20.983333	8521272	8814978
21.000000	8521210	8814961
21.016667	8521203	8814945
21.033333	8521168	8814954
21.050000	8521179	8814895
21.066667	8521169	8814896
21.083333	8521165	8814947
21.100000	8521058	8814910
21.116667	8521121	8814877
21.133333	8521096	8814887
21.150000	8521055	8814896
21.166667	8521055	8814922
21.183333	8520997	8814896
21.200000	8521013	8814948
21.216667	8521022	8814861
21.233333	8520979	8814901
21.250000	8520900	8814897
21.266667	8520877	8814851
21.283333	8520906	8814864
21.300000	8520881	8814855
21.316667	8520903	8814915
21.333333	8520793	8814888
21.350000	8520847	8814864
21.366667	8520792	8814863
21.383333	8520754	8814836
21.400000	8520823	8814801
21.416667	8520786	8814813
21.433333	8520734	8814832
21.450000	8520706	8814810
21.466667	8520717	8814758
21.483333	8520683	8814813
21.500000	8520657	8814769
21.516667	8520631	8814804
21.533333	8520670	8814753
21.550000	8520651	8814779
21.566667	8520722	8814801
21.583333	8520525	8814760
21.600000	8520562	8814749
21.616667	8520554	8814688
21.633333	8520570	8814741
21.650000	8520526	8814759
21.666667	8520541	8814795
21.683333	8520501	8814721
21.700000	8520532	8814765
21.716667	8520532	8814727
21.733333	8520520	8814803
21.750000	8520501	8814732
21.766667	8520400	8814767
21.783333	8520450	8814757
21.800000	8520428	8814682
21.816667	8520470	8814697
21.833333	8520358	8814732
21.850000	8520378	8814744
21.866667	8520326	8814694
21.883333	8520308	8814696
21.900000	8520356	8814686
21.916667	8520325	8814736
21.933333	8520357	8814679
21.950000	8520343	8814652
21.966667	8520261	8814659
21.983333	8520283	8814668
22.000000	8520207	8814658
22.016667	8520172	8814620
22.033333	8520186	8814606
22.050000	8520203	8814681
22.066667	8520149	8814638
22.083333	8520123	8814624
22.100000	8520139	8814640
22.116667	8520136	8814613
22.133333	8520129	8814607
22.150000	8520090	8814596
22.166667	8520033	8814632
22.183333	8520094	8814647
22.200000	8520058	8814652
22.216667	8520075	8814605
22.233333	8519949	8814585
22.250000	8520027	8814610
22.266667	8519943	8814582
22.283333	8519984	8814559
22.300000	8519951	8814579
22.316667	8519913	8814580
22.333333	8519932	8814595
22.350000	8519885	8814549
22.366667	8519839	8814544
22.383333	8519873	8814532
22.400000	8519840	8814535
22.416667	8519868	8814589
22.433333	8519797	8814577
22.450000	8519802	8814586
22.466667	8519762	8814525
22.483333	8519752	8814559
22.500000	8519802	8814497
22.516667	8519748	8814539
22.533333	8519780	8814509
22.550000	8519787	8814532
22.566667	8519795	8814474
22.583333	8519725	8814522
22.600000	8519646	8814550
22.616667	8519714	8814502
22.633333	8519644	8814507
22.650000	8519641	8814528
22.666667	8519635	8814503
22.683333	8519583	8814496
22.700000	8519585	8814515
22.716667	8519563	8814457
22.733333	8519573	8814471
22.750000	8519508	8814546
22.766667	8519579	8814473
22.783333	8519462	8814514
22.800000	8519526	8814529
22.816667	8519513	8814487
22.833333	8519530	8814497
22.850000	8519465	8814465
22.866667	8519464	8814513
22.883333	8519423	8814440
22.900000	8519402	8814469
22.916667	8519440	8814506
22.933333	8519466	8814448
22.950000	8519366	8814512
22.966667	8519414	8814491
22.983333	8519359	8814452
23.000000	8519341	8814488
23.016667	8519306	8814437
23.033333	8519279	8814456
23.050000	8519320	8814433
23.066667	8519277	8814419
23.083333	8519319	8814445
23.100000	8519245	8814450
23.116667	8519251	8814448
23.133333	8519235	8814471
23.150000	8519246	8814465
23.166667	8519241	8814434
23.183333	8519174	8814412
23.200000	8519217	8814445
23.216667	8519154	8814409
23.233333	8519164	8814372
23.250000	8519158	8814450
23.266667	8519185	8814508
23.283333	8519057	8814303
23.300000	8519077	8814354
23.316667	8519074	8814341
23.333333	8519129	8814382
23.350000	8519063	8814327
23.366667	8519037	8814290
23.383333	8519053	8814252
23.400000	8519002	8814174
23.416667	8518928	8814203
23.433333	8519006	8814156
23.450000	8518905	8814181
23.466667	8518906	8814151
23.483333	8518849	8814078
23.500000	8518953	8814075
23.516667	8518869	8814076
23.533333	8518881	8814080
23.550000	8518851	8813957
23.566667	8518805	8814016
23.583333	8518792	8814042
23.600000	8518787	8814048
23.616667	8518775	8814030
23.633333	8518674	8814036
23.650000	8518744	8814007
23.666667	8518751	8813964
23.683333	8518655	8814054
23.700000	8518645	8814056
23.716667	8518643	8814033
23.733333	8518662	8814038
23.750000	8518668	8814034
23.766667	8518665	8814026
23.783333	8518632	8814022
23.800000	8518613	8814025
23.816667	8518636	8814041
23.833333	8518582	8814059
23.850000	8518601	8814017
23.866667	8518574	8814022
23.883333	8518544	8814021
23.900000	8518556	8814045
23.916667	8518555	8813976
23.933333	8518537	8814028
23.950000	8518507	8814028
23.966667	8518498	8813980
23.983333	8518434	8814044
24.000000	8518526	8813992
24.016667	8518455	8813982
24.033333	8518405	8813998
24.050000	8518441	8813966
24.066667	8518446	8813934
24.083333	8518322	8813952
24.100000	8518377	8813999
24.116667	8518316	8814009
24.133333	8518350	8814019
24.150000	8518300	8813989
24.166667	8518302	8813980
24.183333	8518295	8813981
24.200000	8518298	8813986
24.216667	8518307	8814015
24.233333	8518185	8813997
24.250000	8518261	8813985
24.266667	8518261	8814000
24.283333	8518233	8814044
24.300000	8518214	8814011
24.316667	8518157	8814032
24.333333	8518110	8814013
24.350000	8518166	8813991
24.366667	8518103	8813980
24.383333	8518131	8813911
24.400000	8518082	8813948
24.416667	8518092	8813987
24.433333	8518113	8813952
24.450000	8518035	8813954
24.466667	8518073	8813956
24.483333	8518051	8813977
24.500000	8518052	8813923
24.516667	8517991	8813945
24.533333	8518026	8813938
24.550000	8517986	8814026
24.566667	8517987	8813917
24.583333	8517921	8813981
24.600000	8517922	8813938
24.616667	8517966	8813915
24.633333	8517968	8813882
24.650000	8517885	8813898
24.666667	8517920	8813899
24.683333	8517893	8813857
24.700000	8517946	8813887
24.716667	8517896	8813918
24.733333	8517829	8813897
24.750000	8517835	8813931
24.766667	8517825	8813932
24.783333	8517780	8813869
24.800000	8517875	8813887
24.816667	8517745	8813910
24.833333	8517767	8813905
24.850000	8517796	8813911
24.866667	8517721	8813916
24.883333	8517728	8813905
24.900000	8517673	8813943
24.916667	8517739	8813978
24.933333	8517676	8813963
24.950000	8517668	8813987
24.966667	8517630	8814002
24.983333	8517680	8813935
25.000000	8517673	8813974
25.016667	8517696	8813949
25.033333	8517640	8813940
25.050000	8517648	8813934
25.066667	8517612	8813978
25.083333	8517559	8813950
25.100000	8517565	8813990
25.116667	8517577	8813949
25.133333	8517567	8813943
25.150000	8517616	8813944
25.166667	8517633	8813962
25.183333	8517592	8813946
25.200000	8517569	8813932
25.216667	8517594	8813950
25.233333	8517574	8813958
25.250000	8517561	8813986
25.266667	8517520	8813909
25.283333	8517527	8813923
25.300000	8517532	8813896
25.316667	8517492	8813912
25.333333	8517529	8813855
25.350000	8517548	8813954
25.366667	8517473	8813945
25.383333	8517502	8813900
25.400000	8517465	8813924
25.416667	8517437	8813940
25.433333	8517403	8813869
25.450000	8517448	8813893
25.466667	8517397	8813926
25.483333	8517444	8813950
25.500000	8517416	8813931
25.516667	8517397	8813947
25.533333	8517368	8813927
25.550000	8517381	8813888
25.566667	8517300	8813880
25.583333	8517283	8813872
25.600000	8517320	8813887
25.616667	8517231	8813866
25.633333	8517290	8813896
25.650000	8517282	8813869
25.666667	8517225	8813907
25.683333	8517204	8813933
25.700000	8517261	8813884
25.716667	8517190	8813839
25.733333	8517162	8813874
25.750000	8517187	8813869
25.766667	8517136	8813884
25.783333	8517239	8813880
25.800000	8517172	8813862
25.816667	8517105	8813814
25.833333	8517167	8813877
25.850000	8517116	8813832
25.866667	8517064	8813813
25.883333	8517110	8813866
25.900000	8517042	8813838
25.916667	8517069	8813801
25.933333	8517086	8813791
25.950000	8517028	8813771
25.966667	8517029	8813800
25.983333	8517002	8813783
26.000000	8517037	8813803
26.016667	8516995	8813797
26.033333	8516984	8813817
26.050000	8516960	8813793
26.066667	8516950	8813765
26.083333	8516951	8813762
26.100000	8516924	8813802
26.116667	8516875	8813736
26.133333	8516884	8813737
26.150000	8516876	8813759
26.166667	8516833	8813677
26.183333	8516843	8813766
26.200000	8516841	8813741
26.216667	8516813	8813704
26.233333	8516810	8813687
26.250000	8516753	8813732
26.266667	8516774	8813726
26.283333	8516711	8813681
26.300000	8516742	8813720
26.316667	8516729	8813687
26.333333	8516775	8813700
26.350000	8516760	8813666
26.366667	8516679	8813709
26.383333	8516686	8813635
26.400000	8516665	8813664
26.416667	8516652	8813701
26.433333	8516665	8813672
26.450000	8516591	8813691
26.466667	8516642	8813681
26.483333	8516650	8813665
26.500000	8516617	8813685
26.516667	8516540	8813633
26.533333	8516572	8813640
26.550000	8516556	8813644
26.566667	8516545	8813617
26.583333	8516560	8813590
26.600000	8516509	8813613
26.616667	8516521	8813581
26.633333	8516535	8813665
26.650000	8516481	8813587
26.666667	8516448	8813643
26.683333	8516440	8813577
26.700000	8516470	8813636
26.716667	8516413	8813658
26.733333	8516428	8813622
26.750000	8516372	8813579
26.766667	8516411	8813562
26.783333	8516374	8813585
26.800000	8516392	8813576
26.816667	8516365	8813565
26.833333	8516309	8813558
26.850000	8516370	8813613
26.866667	8516417	8813554
26.883333	8516262	8813634
26.900000	8516351	8813621
26.916667	8516301	8813569
26.933333	8516238	8813515
26.950000	8516291	8813521
26.966667	8516280	8813560
26.983333	8516238	8813559
27.000000	8516251	8813576
27.016667	8516250	8813563
27.033333	8516159	8813547
27.050000	8516158	8813557
27.066667	8516188	8813507
27.083333	8516209	8813493
27.100000	8516148	8813502
27.116667	8516156	8813565
27.133333	8516137	8813515
27.150000	8516075	8813528
27.166667	8516115	8813471
27.183333	8516094	8813494
27.200000	8516091	8813489
27.216667	8516103	8813491
27.233333	8516083	8813485
27.250000	8516091	8813480
27.266667	8516096	8813523
27.283333	8516044	8813527
27.300000	8516107	8813517
27.316667	8515974	8813480
27.333333	8515977	8813530
27.350000	8516008	8813519
27.366667	8516027	8813493
27.383333	8515989	8813479
27.400000	8515987	8813444
27.416667	8515939	8813514
27.433333	8515982	8813456
27.450000	8515925	8813483
27.466667	8515918	8813454
27.483333	8515921	8813425
27.500000	8515933	8813445
27.516667	8515913	8813346
27.533333	8515912	8813476
27.550000	8515895	8813422
27.566667	8515834	8813409
27.583333	8515851	8813456
27.600000	8515862	8813396
27.616667	8515840	8813382
27.633333	8515795	8813382
27.650000	8515832	8813409
27.666667	8515794	8813376
27.683333	8515800	8813329
27.700000	8515735	8813384
27.716667	8515774	8813412
27.733333	8515746	8813372
27.750000	8515726	8813361
27.766667	8515772	8813334
27.783333	8515741	8813330
27.800000	8515745	8813333
27.816667	8515689	8813339
27.833333	8515746	8813347
27.850000	8515693	8813339
27.866667	8515682	8813336
27.883333	8515753	8813335
27.900000	8515650	8813330
27.916667	8515673	8813320
27.933333	8515673	8813312
27.950000	8515675	8813385
27.966667	8515633	8813346
27.983333	8515603	8813307
28.000000	8515598	8813359
28.016667	8515620	8813324
28.033333	8515611	8813310
28.050000	8515622	8813286
28.066667	8515607	8813269
28.083333	8515577	8813376
28.100000	8515538	8813303
28.116667	8515573	8813296
28.133333	8515656	8813276
28.150000	8515523	8813306
28.166667	8515563	8813295
28.183333	8515532	8813230
28.200000	8515576	8813283
28.216667	8515518	8813265
28.233333	8515453	8813266
28.250000	8515513	8813281
28.266667	8515441	8813256
28.283333	8515431	8813269
28.300000	8515465	8813273
28.316667	8515445	8813279
28.333333	8515428	8813257
28.350000	8515397	8813232
28.366667	8515447	8813256
28.383333	8515384	8813265
28.400000	8515432	8813250
28.416667	8515451	8813242
28.433333	8515382	8813262
28.450000	8515403	8813248
28.466667	8515372	8813269
28.483333	8515334	8813215
28.500000	8515387	8813261
28.516667	8515341	8813269
28.533333	8515374	8813211
28.550000	8515299	8813202
28.566667	8515397	8813234
28.583333	8515358	8813217
28.600000	8515286	8813226
28.616667	8515278	8813277
28.633333	8515337	8813223
28.650000	8515277	8813195
28.666667	8515249	8813214
28.683333	8515256	8813198
28.700000	8515290	8813262
28.716667	8515229	8813172
28.733333	8515254	8813153
28.750000	8515217	8813156
28.766667	8515285	8813220
28.783333	8515219	8813207
28.800000	8515235	8813176
28.816667	8515167	8813211
28.833333	8515209	8813201
28.850000	8515165	8813150
28.866667	8515213	8813171
28.883333	8515249	8813222
28.900000	8515160	8813156
28.916667	8515211	8813169
28.933333	8515134	8813146
28.950000	8515164	8813205
28.966667	8515182	8813177
28.983333	8515148	8813119
29.000000	8515172	8813124
29.016667	8515148	8813132
29.033333	8515142	8813138
29.050000	8515136	8813194
29.066667	8515157	8813132
29.083333	8515152	8813199
29.100000	8515130	8813141
29.116667	8515098	8813136
29.133333	8515140	8813167
29.150000	8515102	8813183
29.166667	8515089	8813080
29.183333	8515097	8813151
29.200000	8515085	8813079
29.216667	8515016	8813141
29.233333	8514995	8813170
29.250000	8515071	8813109
29.266667	8514980	8813116
29.283333	8515029	8813081
29.300000	8515084	8813093
29.316667	8515012	8813107
29.333333	8515051	8813136
29.350000	8515005	8813086
29.366667	8514981	8813025
29.383333	8514972	8813134
29.400000	8515035	8813057
29.416667	8515057	8813094
29.433333	8514962	8813106
29.450000	8514988	8813116
29.466667	8514992	8813065
29.483333	8514966	8813115
29.500000	8514935	8813166
29.516667	8514900	8813115
29.533333	8514936	8813058
29.550000	8515024	8813064
29.566667	8514917	8813085
29.583333	8514955	8813077
29.600000	8514947	8813050
29.616667	8514911	8813090
29.633333	8514924	8813072
29.650000	8514940	8813079
29.666667	8514913	8813042
29.683333	8514911	8813089
29.700000	8514858	8813033
29.716667	8514894	8813007
29.733333	8514867	8813054
29.750000	8514880	8813054
29.766667	8514870	8813074
29.783333	8514805	8813084
29.800000	8514897	8813086
29.816667	8514846	8813030
29.833333	8514841	8813042
29.850000	8514860	8812993
29.866667	8514833	8813066
29.883333	8514809	8813014
29.900000	8514834	8813032
29.916667	8514840	8813073
29.933333	8514792	8813029
29.950000	8514864	8813046
29.966667	8514838	8813008
29.983333	8514814	8813047
30.000000	8514876	8813048
30.016667	8514789	8813037
30.033333	8514789	8812967
30.050000	8514860	8812988
30.066667	8514774	8812975
30.083333	8514761	8813010
30.100000	8514754	8812984
30.116667	8514792	8813012
30.133333	8514708	8813014
30.150000	8514716	8813000
30.166667	8514721	8813015
30.183333	8514751	8812989
30.200000	8514698	8812991
30.216667	8514722	8812992
30.233333	8514705	8812994
30.250000	8514688	8813055
30.266667	8514707	8812996
30.283333	8514680	8812982
30.300000	8514665	8812999
30.316667	8514715	8813051
30.333333	8514711	8812963
30.350000	8514668	8813057
30.366667	8514677	8813000
30.383333	8514683	8813014
30.400000	8514687	8812972
30.416667	8514671	8812990
30.433333	8514649	8812992
30.450000	8514745	8812989
30.466667	8514697	8812954
30.483333	8514636	8812965
30.500000	8514679	8812925
30.516667	8514552	8812941
30.533333	8514583	8812990
30.550000	8514606	8812956
30.566667	8514667	8812952
30.583333	8514549	8813000
30.600000	8514555	8812955
30.616667	8514543	8812984
30.633333	8514574	8813006
30.650000	8514539	8812980
30.666667	8514573	8812975
30.683333	8514565	8812965
30.700000	8514559	8812930
30.716667	8514532	8812990
30.733333	8514504	8812916
30.750000	8514518	8812974
30.766667	8514505	8812894
30.783333	8514537	8812959
30.800000	8514534	8812951
30.816667	8514525	8812965
30.833333	8514512	8812903
30.850000	8514515	8812922
30.866667	8514511	8812907
30.883333	8514542	8812891
30.900000	8514532	8812926
30.916667	8514434	8812990
30.933333	8514440	8812961
30.950000	8514536	8812886
30.966667	8514472	8812897
30.983333	8514496	8812935
31.000000	8514478	8812941
31.016667	8514535	8812952
31.033333	8514476	8812910
31.050000	8514495	8812962
31.066667	8514450	8812906
31.083333	8514417	8812899
31.100000	8514456	8812907
31.116667	8514411	8812919
31.133333	8514454	8812917
31.150000	8514403	8812893
31.166667	8514450	8812894
31.183333	8514352	8812895
31.200000	8514355	8812910
31.216667	8514458	8812880
31.233333	8514439	8812856
31.250000	8514405	8812886
31.266667	8514388	8812853
31.283333	8514393	8812914
31.300000	8514394	8812888
31.316667	8514407	8812892
31.333333	8514366	8812894
31.350000	8514383	8812902
31.366667	8514292	8812870
31.383333	8514352	8812852
31.400000	8514348	8812901
31.416667	8514342	8812845
31.433333	8514346	8812858
31.450000	8514357	8812838
31.466667	8514292	8812888
31.483333	8514343	8812861
31.500000	8514307	8812901
31.516667	8514260	8812893
31.533333	8514290	8812859
31.550000	8514294	8812884
31.566667	8514300	8812805
31.583333	8514249	8812806
31.600000	8514309	8812833
31.616667	8514291	8812876
31.633333	8514252	8812859
31.650000	8514270	8812874
31.666667	8514235	8812838
31.683333	8514287	8812817
31.700000	8514275	8812824
31.716667	8514238	8812807
31.733333	8514240	8812886
31.750000	8514237	8812843
31.766667	8514238	8812866
31.783333	8514238	8812880
31.800000	8514228	8812859
31.816667	8514229	8812821
31.833333	8514230	8812846
31.850000	8514231	8812816
31.866667	8514186	8812815
31.883333	8514197	8812821
31.900000	8514200	8812856
31.916667	8514206	8812845
31.933333	8514236	8812827
31.950000	8514199	8812812
31.966667	8514203	8812863
31.983333	8514255	8812830
32.000000	8514195	8812862
32.016667	8514185	8812789
32.033333	8514208	8812831
32.050000	8514183	8812822
32.066667	8514195	8812842
32.083333	8514128	8812861
32.100000	8514190	8812779
32.116667	8514102	8812782
32.133333	8514094	8812802
32.150000	8514112	8812850
32.166667	8514172	8812802
32.183333	8514107	8812788
32.200000	8514079	8812784
32.216667	8514142	8812797
32.233333	8514148	8812769
32.250000	8514135	8812853
32.266667	8514090	8812761
32.283333	8514129	8812839
32.300000	8514144	8812854
32.316667	8514118	8812815
32.333333	8514064	8812830
32.350000	8514110	8812793
32.366667	8514080	8812792
32.383333	8514108	8812812
32.400000	8514095	8812767
32.416667	8514092	8812799
32.433333	8514112	8812848
32.450000	8514017	8812826
32.466667	8514054	8812796
32.483333	8514073	8812717
32.500000	8514127	8812829
32.516667	8514084	8812821
32.533333	8514062	8812828
32.550000	8514035	8812785
32.566667	8513978	8812745
32.583333	8514033	8812804
32.600000	8514064	8812772
32.616667	8514020	8812719
32.633333	8513980	8812791
32.650000	8514034	8812779
32.666667	8513995	8812792
32.683333	8513966	8812798
32.700000	8514003	8812725
32.716667	8513980	8812763
32.733333	8514014	8812805
32.750000	8513989	8812743
32.766667	8513986	8812726
32.783333	8513966	8812815
32.800000	8514020	8812814
32.816667	8513944	8812780
32.833333	8513978	8812759
32.850000	8514000	8812785
32.866667	8513972	8812761
32.883333	8513990	8812836
32.900000	8513951	8812813
32.916667	8513985	8812851
32.933333	8513949	8812860
32.950000	8513992	8812808
32.966667	8513942	8812847
32.983333	8513981	8812828
33.000000	8513898	8812814
33.016667	8513950	8812819
33.033333	8513962	8812841
33.050000	8513911	8812842
33.066667	8513886	8812878
33.083333	8513869	8812873
33.100000	8513970	8812862
33.116667	8513901	8812882
33.133333	8513959	8812845
33.150000	8513869	8812861
33.166667	8513912	8812868
33.183333	8513969	8812907
33.200000	8513965	8812859
33.216667	8513895	8812830
33.233333	8513906	8812855
33.250000	8513861	8812874
33.266667	8513887	8812845
33.283333	8513956	8812880
33.300000	8513934	8812845
33.316667	8513918	8812902
33.333333	8513910	8812954
33.350000	8513934	8812864
33.366667	8513918	8812844
33.383333	8513863	8812893
33.400000	8513872	8812893
33.416667	8513923	8812847
33.433333	8513900	8812859
33.450000	8513892	8812938
33.466667	8513871	8812823
33.483333	8513824	8812873
33.500000	8513866	8812899
33.516667	8513835	8812851
33.533333	8513868	8812923
33.550000	8513879	8812878
33.566667	8513857	8812914
33.583333	8513878	8812880
33.600000	8513844	8812928
33.616667	8513884	8812856
33.633333	8513848	8812930
33.650000	8513881	8812898
33.666667	8513865	8812850
33.683333	8513800	8812915
33.700000	8513825	8812881
33.716667	8513744	8812924
33.733333	8513899	8812894
33.750000	8513844	8812865
33.766667	8513802	8812858
33.783333	8513853	8812856
33.800000	8513846	8812890
33.816667	8513761	8812857
33.833333	8513885	8812887
33.850000	8513831	8812872
33.866667	8513801	8812961
33.883333	8513815	8812947
33.900000	8513763	8812905
33.916667	8513765	8812929
33.933333	8513765	8812925
33.950000	8513796	8812837
33.966667	8513847	8812897
33.983333	8513847	8812909
34.000000	8513860	8812966
34.016667	8513819	8812946
34.033333	8513791	8812988
34.050000	8513822	8812912
34.066667	8513818	8812898
34.083333	8513830	8812930
34.100000	8513820	8812928
34.116667	8513761	8812933
34.133333	8513801	8812927
34.150000	8513774	8812973
34.166667	8513845	8812927
34.183333	8513729	8812964
34.200000	8513764	8812974
34.216667	8513798	8812907
34.233333	8513769	8812978
34.250000	8513814	8812932
34.266667	8513773	8812918
34.283333	8513818	8812968
34.300000	8513772	8812922
34.316667	8513790	8812924
34.333333	8513784	8812930
34.350000	8513724	8813022
34.366667	8513769	8813015
34.383333	8513784	8813011
34.400000	8513714	8813017
34.416667	8513721	8812989
34.433333	8513783	8812955
34.450000	8513791	8812977
34.466667	8513729	8812975
34.483333	8513718	8813001
34.500000	8513763	8812961
34.516667	8513808	8812991
34.533333	8513764	8813026
34.550000	8513750	8813055
34.566667	8513739	8813018
34.583333	8513770	8813055
34.600000	8513736	8813014
34.616667	8513723	8813002
34.633333	8513772	8813105
34.650000	8513733	8813083
34.666667	8513743	8813100
34.683333	8513717	8813129
34.700000	8513686	8813106
34.716667	8513777	8813096
34.733333	8513736	8813078
34.750000	8513804	8813108
34.766667	8513817	8813072
34.783333	8513764	8813150
34.800000	8513747	8813143
34.816667	8513762	8813173
34.833333	8513711	8813180
34.850000	8513836	8813146
34.866667	8513751	8813154
34.883333	8513767	8813151
34.900000	8513787	8813175
34.916667	8513753	8813195
34.933333	8513786	8813228
34.950000	8513746	8813195
34.966667	8513751	8813206
34.983333	8513766	8813197
35.000000	8513729	8813169
35.016667	8513792	8813188
35.033333	8513735	8813205
35.050000	8513792	8813164
35.066667	8513775	8813280
35.083333	8513777	8813228
35.100000	8513802	8813179
35.116667	8513817	8813193
35.133333	8513843	8813184
35.150000	8513811	8813172
35.166667	8513790	8813229
35.183333	8513768	8813180
35.200000	8513805	8813291
35.216667	8513783	8813192
35.233333	8513770	8813189
35.250000	8513746	8813201
35.266667	8513789	8813204
35.283333	8513735	8813210
35.300000	8513777	8813216
35.316667	8513793	8813177
35.333333	8513789	8813211
35.350000	8513816	8813245
35.366667	8513786	8813195
35.383333	8513778	8813224
35.400000	8513805	8813223
35.416667	8513775	8813242
35.433333	8513761	8813242
35.450000	8513748	8813209
35.466667	8513835	8813280
35.483333	8513783	8813272
35.500000	8513810	8813204
35.516667	8513792	8813273
35.533333	8513699	8813249
35.550000	8513815	8813248
35.566667	8513722	8813211
35.583333	8513738	8813212
35.600000	8513780	8813215
35.616667	8513726	8813230
35.633333	8513748	8813259
35.650000	8513787	8813244
35.666667	8513722	8813228
35.683333	8513688	8813292
35.700000	8513757	8813239
35.716667	8513722	8813251
35.733333	8513742	8813262
35.750000	8513775	8813257
35.766667	8513723	8813292
35.783333	8513772	8813258
35.800000	8513762	8813266
35.816667	8513779	8813336
35.833333	8513763	8813262
35.850000	8513716	8813318
35.866667	8513785	8813308
35.883333	8513721	8813349
35.900000	8513695	8813278
35.916667	8513746	8813331
35.933333	8513730	8813325
35.950000	8513736	8813288
35.966667	8513746	8813374
35.983333	8513720	8813347
36.000000	8513663	8813338
36.016667	8513761	8813354
36.033333	8513681	8813370
36.050000	8513728	8813313
36.066667	8513745	8813347
36.083333	8513701	8813374
36.100000	8513722	8813354
36.116667	8513740	8813334
36.133333	8513738	8813357
36.150000	8513662	8813335
36.166667	8513745	8813401
36.183333	8513681	8813333
36.200000	8513734	8813386
36.216667	8513767	8813356
36.233333	8513768	8813377
36.250000	8513713	8813380
36.266667	8513749	8813382
36.283333	8513734	8813372
36.300000	8513714	8813378
36.316667	8513757	8813399
36.333333	8513785	8813352
36.350000	8513699	8813430
36.366667	8513761	8813384
36.383333	8513779	8813387
36.400000	8513753	8813415
36.416667	8513742	8813368
36.433333	8513726	8813373
36.450000	8513706	8813352
36.466667	8513721	8813333
36.483333	8513728	8813364
36.500000	8513733	8813359
36.516667	8513691	8813397
36.533333	8513723	8813371
36.550000	8513737	8813361
