8631809	8885240
8630597	8884393
8630536	8884196
8630474	8883821
8630369	8883657
8630249	8883401
8630175	8883123
8630125	8882863
8629870	8882621
8629748	8882359
8629598	8882126
8629508	8881885
8629424	8881610
8629185	8881380
8629053	8881175
8628901	8880897
8628776	8880690
8628630	8880431
8628557	8880242
8628383	8880067
8628240	8879813
8628161	8879599
8628005	8879329
8627883	8879076
8627723	8878889
8627644	8878606
8627524	8878461
8627407	8878263
8627245	8878018
8627157	8877784
8626999	8877664
8626912	8877392
8626661	8877148
8626662	8876988
8626455	8876779
8626353	8876541
8626258	8876336
8626120	8876156
8625980	8875885
8625850	8875738
8625692	8875471
8625624	8875230
8625534	8875052
8625326	8874822
8625265	8874638
8625116	8874479
8625032	8874192
8624926	8874004
8624816	8873865
8624628	8873600
8624570	8873423
8624353	8873248
8624336	8872955
8624127	8872781
8624029	8872525
8623843	8872368
8623801	8872157
8623622	8871945
8623501	8871746
8623386	8871487
8623286	8871278
8623153	8871112
8623027	8870854
8622879	8870639
8622819	8870448
8622702	8870250
8622550	8869964
8622395	8869785
8622326	8869540
8622133	8869360
8622024	8869153
8621915	8868956
8621796	8868729
8621692	8868528
8621571	8868287
8621408	8868066
8621267	8867883
8621139	8867650
8620989	8867404
8620877	8867259
8620737	8867050
8620676	8866829
8620506	8866598
8620398	8866412
8620306	8866187
8620176	8865954
8620029	8865720
8619978	8865516
8619848	8865282
8619666	8865133
8619565	8864959
8619312	8864622
8619283	8864424
8619181	8864283
8619011	8864057
8618966	8863884
8618806	8863651
8618738	8863430
8618541	8863257
8618411	8863042
8618287	8862793
8618209	8862581
8618055	8862360
8617930	8862196
8617852	8861957
8617762	8861718
8617548	8861586
8617478	8861316
8617360	8861137
8617208	8860977
8617126	8860722
8616944	8860481
8616855	8860322
8616716	8860073
8616598	8859912
8616433	8859663
8616373	8859479
8616192	8859314
8616106	8859081
8615956	8858831
8615864	8858628
8615737	8858424
8615615	8858226
8615495	8858025
8615332	8857834
8615244	8857628
8615205	8857481
8615027	8857208
8614822	8857083
8614775	8856815
8614581	8856541
8614551	8856418
8614452	8856209
8614335	8856071
8614133	8855826
8614085	8855578
8613905	8855439
8613804	8855144
8613684	8855011
8613547	8854727
8613464	8854605
8613344	8854345
8613210	8854190
8613043	8853999
8612950	8853790
8612868	8853580
8612708	8853322
8612591	8853186
8612454	8852945
8612360	8852730
8612277	8852560
8612104	8852376
8611993	8852133
8611895	8851955
8611775	8851735
8611666	8851489
8611540	8851336
8611402	8851171
8611267	8850988
8611189	8850744
8611053	8850552
8610978	8850352
8610836	8850158
8610667	8849978
8610551	8849730
8610390	8849509
8610327	8849381
8610240	8849168
8610094	8848997
8609962	8848717
8609890	8848561
8609770	8848334
8609666	8848167
8609486	8847933
8609438	8847760
8609236	8847539
8609126	8847357
8609046	8847165
8608918	8846969
8608851	8846721
8608731	8846534
8608601	8846375
8608480	8846134
8608413	8845930
8608282	8845766
8608139	8845525
8608054	8845337
8607903	8845112
8607793	8844932
8607637	8844685
8607643	8844555
8607468	8844346
8607276	8844138
8607176	8843938
8607058	8843716
8606995	8843577
8606875	8843358
8606753	8843131
8606640	8842948
8606476	8842815
8606408	8842534
8606219	8842370
8606144	8842099
8605966	8841934
8605899	8841726
8605783	8841575
8605656	8841344
8605596	8841168
8605504	8840975
8605374	8840736
8605251	8840575
8605123	8840408
8605014	8840181
8604960	8840018
8604817	8839829
8604653	8839649
8604571	8839462
8604450	8839244
8604340	8839091
8604245	8838863
8604127	8838727
8603989	8838483
8603890	8838322
8603807	8838097
8603714	8837950
8603572	8837769
8603521	8837514
8603332	8837346
8603232	8837153
8603089	8836945
8602963	8836785
8602893	8836578
8602777	8836466
8602652	8836172
8602540	8836020
8602480	8835772
8602293	8835645
8602332	8835450
8602117	8835225
8602006	8835081
8601894	8834881
8601762	8834681
8601693	8834522
8601558	8834321
8601447	8834087
8601329	8833862
8601183	8833695
8601074	8833507
8600975	8833241
8600871	8833126
8600784	8832874
8600668	8832748
8600580	8832487
8600433	8832312
8600320	8832162
8600219	8832004
8600159	8831767
8600104	8831586
8599931	8831394
8599873	8831148
8599724	8831079
8599617	8830885
8599605	8830687
8599409	8830476
8599369	8830296
8599248	8830118
8599104	8829953
8599008	8829709
8598848	8829557
8598814	8829384
8598697	8829258
8598605	8829029
8598514	8828787
8598411	8828678
8598325	8828430
8598192	8828310
8598101	8828084
8597971	8827985
8597827	8827730
8597779	8827532
8597661	8827371
8597583	8827167
8597451	8826995
8597397	8826817
8597323	8826631
8597169	8826427
8597109	8826317
8596982	8826078
8596869	8825921
8596788	8825698
8596672	8825555
8596571	8825379
8596467	8825149
8596365	8825012
8596258	8824805
8596113	8824644
8596027	8824497
8595929	8824281
8595828	8824087
8595748	8823913
8595696	8823742
8595555	8823557
8595427	8823346
8595359	8823096
8595254	8822934
8595086	8822820
8594997	8822620
8594957	8822458
8594816	8822282
8594767	8822001
8594595	8821885
8594500	8821698
8594404	8821512
8594272	8821356
8594250	8821189
8594188	8820956
8593964	8820801
8593936	8820662
8593779	8820423
8593721	8820255
8593584	8820055
8593456	8819887
8593404	8819723
8593304	8819519
8593146	8819324
8593127	8819184
8592998	8818993
8592848	8818788
8592829	8818621
8592760	8818413
8592656	8818247
8592469	8818078
8592358	8817967
8592335	8817752
8592202	8817556
8592051	8817387
8592029	8817153
8591901	8816977
8591795	8816837
8591702	8816623
8591562	8816455
8591502	8816253
8591424	8816087
8591286	8815891
8591135	8815735
8591052	8815647
8590957	8815355
8590839	8815258
8590814	8815037
8590697	8814861
8590602	8814653
8590451	8814444
8590417	8814316
8590290	8814127
8590221	8813908
8590088	8813781
8589963	8813583
8589864	8813407
8589825	8813244
8589687	8813061
8589634	8812922
8589484	8812719
8589456	8812515
8589373	8812419
8589294	8812227
8589139	8812037
8589108	8811840
8588961	8811683
8588856	8811518
8588813	8811354
8588698	8811181
8588608	8811027
8588552	8810856
8588414	8810609
8588359	8810527
8588288	8810278
8588127	8810056
8588097	8809927
8587926	8809805
8587893	8809595
8587747	8809384
8587696	8809171
8587629	8809078
8587491	8808905
8587474	8808675
8587388	8808563
8587248	8808291
8587140	8808190
8587060	8807992
8587035	8807842
8586907	8807676
8586783	8807496
8586731	8807377
8586607	8807176
8586544	8807005
8586498	8806833
8586345	8806674
8586246	8806548
8586219	8806333
8586134	8806192
8586075	8806056
8585995	8805866
8585897	8805759
8585808	8805574
8585732	8805368
8585626	8805197
8585533	8805053
8585449	8804906
8585419	8804768
8585346	8804566
8585295	8804407
8585099	8804189
8585031	8804058
8584988	8803935
8584930	8803705
8584849	8803570
8584792	8803424
8584534	8803227
8584600	8803074
8584485	8802925
8584407	8802799
8584382	8802584
8584261	8802454
8584158	8802285
8584081	8802108
8583982	8801931
8583932	8801801
8583860	8801649
8583767	8801468
8583662	8801313
8583654	8801102
8583516	8800923
8583417	8800784
8583313	8800612
8583309	8800513
8583192	8800329
8583099	8800165
8583041	8799906
8582929	8799768
8582865	8799675
8582755	8799486
8582711	8799328
8582581	8799154
8582498	8799041
8582479	8798827
8582374	8798691
8582316	8798534
8582191	8798364
8582029	8798216
8582016	8798051
8581935	8797886
8581816	8797688
8581744	8797587
8581657	8797371
8581591	8797235
8581517	8797089
8581448	8796901
8581347	8796783
8581282	8796573
8581185	8796447
8581118	8796210
8581081	8796149
8580993	8795951
8580851	8795747
8580822	8795633
8580708	8795477
8580655	8795323
8580588	8795155
8580473	8794938
8580463	8794823
8580266	8794637
8580268	8794532
8580192	8794333
8580113	8794212
8580005	8794088
8579949	8793894
8579860	8793799
8579768	8793574
8579712	8793467
8579599	8793246
8579575	8793061
8579485	8792909
8579490	8792727
8579375	8792585
8579283	8792463
8579147	8792296
8579104	8792163
8579090	8791978
8579022	8791842
8578902	8791658
8578891	8791498
8578788	8791387
8578700	8791226
8578575	8791073
8578492	8790880
8578477	8790755
8578405	8790620
8578294	8790476
8578248	8790263
8578145	8790137
8578168	8789986
8578046	8789860
8577999	8789689
8577941	8789580
8577879	8789409
8577788	8789276
8577741	8789123
8577649	8788967
8577571	8788804
8577482	8788720
8577394	8788496
8577392	8788358
8577318	8788229
8577280	8788085
8577206	8787942
8577104	8787784
8577029	8787653
8576939	8787505
8576871	8787329
8576785	8787228
8576711	8787012
8576692	8786934
8576642	8786811
8576556	8786603
8576515	8786474
8576452	8786294
8576413	8786185
8576278	8786021
8576295	8785871
8576242	8785788
8576125	8785555
8576028	8785450
8575998	8785311
8575901	8785062
8575811	8785004
8575768	8784843
8575683	8784671
8575633	8784552
8575552	8784430
8575526	8784239
8575456	8784096
8575337	8783986
8575327	8783812
8575225	8783696
8575230	8783525
8575054	8783426
8575042	8783293
8574969	8783139
8574916	8782972
8574881	8782917
8574797	8782683
8574758	8782525
8574710	8782436
8574648	8782318
8574485	8782076
8574517	8782027
8574467	8781888
8574334	8781699
8574351	8781592
8574252	8781440
8574232	8781286
8574157	8781172
8574037	8781071
8574000	8780959
8573878	8780797
8573882	8780599
8573831	8780485
8573740	8780328
8573622	8780238
8573641	8780042
8573587	8779956
8573541	8779786
8573428	8779653
8573405	8779563
8573356	8779371
8573259	8779278
8573236	8779176
8573179	8778997
8573150	8778908
8573057	8778754
8572946	8778644
8572921	8778492
8572879	8778338
8572802	8778209
8572791	8778137
8572725	8777985
8572664	8777827
8572615	8777762
8572497	8777543
8572522	8777460
8572403	8777301
8572379	8777164
8572379	8777037
8572254	8776904
8572215	8776777
8572106	8776637
8572060	8776519
8572011	8776379
8571963	8776258
8571948	8776152
8571897	8776019
8571813	8775885
8571710	8775724
8571697	8775594
8571722	8775467
8571641	8775325
8571545	8775262
8571518	8775087
8571470	8775040
8571401	8774914
8571355	8774749
8571323	8774541
8571314	8774433
8571194	8774330
8571127	8774184
8571123	8774089
8571032	8773960
8570999	8773832
8570942	8773754
8570825	8773578
8570836	8773467
8570813	8773308
8570702	8773178
8570668	8773074
8570638	8772913
8570575	8772812
8570546	8772727
8570442	8772624
8570359	8772465
8570314	8772413
8570281	8772244
8570209	8772168
8570164	8772014
8570120	8771842
8570075	8771746
8570023	8771670
8569939	8771534
8569900	8771364
8569884	8771256
8569826	8771156
8569715	8771039
8569720	8770872
8569659	8770781
8569604	8770683
8569590	8770560
8569535	8770479
8569462	8770397
8569414	8770205
8569346	8770017
8569366	8770005
8569204	8769865
8569236	8769684
8569180	8769614
8569123	8769477
8569134	8769439
8569029	8769311
8569028	8769121
8568920	8769010
8568923	8768936
8568854	8768829
8568826	8768714
8568753	8768578
8568704	8768523
8568628	8768395
8568642	8768264
8568521	8768099
8568599	8768034
8568497	8767945
8568516	8767804
8568475	8767688
8568411	8767577
8568320	8767436
8568298	8767387
8568245	8767238
8568257	8767139
8568179	8767057
8568123	8766904
8568066	8766808
8568096	8766658
8567992	8766617
8567978	8766508
8567898	8766318
8567889	8766274
8567808	8766130
8567769	8766054
8567765	8765871
8567739	8765795
8567671	8765733
8567644	8765591
8567539	8765482
8567543	8765354
8567431	8765240
8567467	8765172
8567420	8765003
8567407	8764919
8567309	8764837
8567247	8764747
8567253	8764595
8567158	8764444
8567194	8764374
8567078	8764225
8567010	8764176
8567054	8764057
8566973	8763935
8566986	8763751
8566857	8763697
8566862	8763588
8566829	8763486
8566760	8763412
8566740	8763297
8566788	8763169
8566697	8763149
8566622	8762973
8566645	8762897
8566556	8762727
8566560	8762694
8566461	8762556
8566498	8762417
8566446	8762412
8566360	8762282
8566326	8762162
8566364	8762054
8566321	8761985
8566229	8761838
8566178	8761724
8566192	8761661
8566120	8761550
8566142	8761444
8566078	8761357
8566004	8761209
8565985	8761161
8566026	8761007
8565978	8761003
8565909	8760846
8565851	8760725
8565858	8760632
8565784	8760557
8565848	8760391
8565779	8760339
8565735	8760269
8565685	8760180
8565695	8760080
8565566	8759983
8565635	8759883
8565584	8759820
8565614	8759647
8565511	8759586
8565486	8759469
8565409	8759460
8565476	8759313
8565418	8759205
8565357	8759116
8565343	8759064
8565345	8758963
8565313	8758819
8565242	8758762
8565230	8758607
8565224	8758528
8565214	8758482
8565130	8758348
8565100	8758298
8565073	8758214
8565107	8758061
8565051	8757973
8564968	8757925
8564995	8757835
8565007	8757750
8564941	8757612
8564925	8757563
8564892	8757461
8564844	8757359
8564865	8757282
8564771	8757209
8564794	8757118
8564735	8756983
8564697	8756912
8564683	8756823
8564690	8756818
8564611	8756702
8564634	8756618
8564545	8756452
8564597	8756408
8564555	8756335
8564476	8756227
8564524	8756082
8564498	8756045
8564492	8755973
8564422	8755917
8564449	8755810
8564445	8755639
8564337	8755629
8564352	8755515
8564333	8755459
8564299	8755358
8564257	8755251
8564219	8755226
8564254	8755093
8564132	8754983
8564135	8754975
8564129	8754867
8564181	8754718
8564117	8754696
8564101	8754608
8564113	8754497
8564065	8754375
8563999	8754274
8564038	8754264
8564012	8754173
8563915	8754034
8563939	8753990
8563892	8753862
8563912	8753803
8563844	8753763
8563840	8753622
8563856	8753528
8563847	8753431
8563786	8753411
8563793	8753337
8563797	8753294
8563767	8753199
8563749	8753057
8563656	8753021
8563713	8752922
8563699	8752873
8563696	8752758
8563654	8752703
8563622	8752633
8563607	8752494
8563552	8752491
8563546	8752340
8563577	8752329
8563512	8752273
8563464	8752183
8563524	8752069
8563468	8752028
8563452	8751958
8563424	8751892
8563400	8751756
8563418	8751676
8563410	8751639
8563372	8751548
8563349	8751414
8563319	8751404
8563310	8751319
8563291	8751236
8563265	8751173
8563217	8751047
8563278	8751038
8563260	8750950
8563214	8750821
8563199	8750805
8563252	8750733
8563113	8750682
8563197	8750516
8563179	8750468
8563075	8750388
8563114	8750325
8563104	8750271
8563082	8750176
8563059	8750121
8563081	8750047
8563079	8749955
8562981	8749928
8562989	8749813
8562951	8749777
8562938	8749699
8562973	8749624
8562930	8749513
8562920	8749454
8562935	8749424
8562869	8749295
8562867	8749260
8562839	8749206
8562838	8749136
8562807	8749043
8562814	8748928
8562746	8748913
8562856	8748811
8562759	8748753
8562750	8748676
8562702	8748611
8562772	8748534
8562699	8748493
8562711	8748422
8562695	8748354
8562679	8748280
8562590	8748207
8562622	8748156
8562613	8748065
8562648	8748043
8562584	8747946
8562616	8747853
8562558	8747796
8562619	8747666
8562602	8747651
8562517	8747568
8562521	8747532
8562484	8747464
8562471	8747408
8562487	8747292
8562496	8747256
8562507	8747188
8562447	8747161
8562439	8746971
8562400	8747015
8562459	8746853
8562367	8746802
8562430	8746742
8562379	8746681
8562344	8746619
8562364	8746545
8562356	8746497
8562384	8746444
8562335	8746360
8562335	8746291
8562339	8746260
8562310	8746206
8562283	8746128
8562252	8746022
8562289	8745954
8562252	8745893
8562166	8745814
8562246	8745810
8562210	8745744
8562255	8745682
8562197	8745567
8562156	8745561
8562197	8745455
8562191	8745426
8562182	8745294
8562159	8745249
8562139	8745206
8562118	8745128
8562154	8745113
8562168	8745061
8562061	8744949
8562108	8744937
8562110	8744891
8562093	8744763
8562086	8744670
8562118	8744646
8562048	8744625
8562054	8744534
8562048	8744499
8562035	8744396
8562080	8744309
8562085	8744292
8561971	8744188
8561943	8744112
8561957	8744101
8561968	8744060
8561969	8743975
8561913	8743861
8561999	8743822
8561910	8743711
8561989	8743699
8561874	8743680
8561899	8743579
8561909	8743553
8561870	8743468
8561899	8743396
8561917	8743385
8561885	8743317
8561827	8743226
8561791	8743177
8561868	8743083
8561851	8743049
8561872	8743027
8561869	8742927
8561845	8742853
8561861	8742835
8561792	8742773
8561799	8742627
8561785	8742607
8561776	8742593
8561733	8742491
8561800	8742445
8561776	8742428
8561657	8742361
8561724	8742303
8561699	8742166
8561754	8742124
8561783	8742110
8561778	8742003
8561722	8742012
8561703	8741928
8561659	8741872
8561657	8741803
8561691	8741737
8561581	8741726
8561692	8741584
8561652	8741574
8561668	8741501
8561613	8741475
8561598	8741358
8561623	8741355
8561564	8741302
8561599	8741244
8561599	8741213
8561584	8741080
8561575	8741045
8561563	8741001
8561562	8740964
8561589	8740861
8561586	8740806
8561539	8740762
8561556	8740765
8561516	8740617
8561530	8740582
8561501	8740576
8561531	8740538
8561534	8740417
8561517	8740344
8561482	8740322
8561563	8740268
8561538	8740229
8561490	8740152
8561518	8740109
8561449	8740046
8561436	8739985
8561475	8739912
8561473	8739901
8561436	8739820
8561418	8739847
8561486	8739750
8561403	8739737
8561436	8739622
8561488	8739550
8561417	8739586
8561465	8739448
8561456	8739386
8561437	8739364
8561468	8739317
8561476	8739214
8561409	8739253
8561385	8739115
8561406	8739119
8561400	8739057
8561375	8739004
8561445	8738889
8561358	8738902
8561365	8738791
8561421	8738804
8561401	8738721
8561353	8738657
8561334	8738604
8561317	8738566
8561309	8738480
8561357	8738471
8561337	8738405
8561321	8738376
8561348	8738293
8561328	8738246
8561343	8738229
8561299	8738150
8561302	8738103
8561318	8738009
8561297	8738000
8561311	8737941
8561316	8737930
8561293	8737879
8561303	8737823
8561308	8737760
8561239	8737740
8561262	8737656
8561213	8737594
8561178	8737571
8561225	8737463
8561257	8737406
8561233	8737358
8561218	8737279
8561217	8737276
8561209	8737233
8561222	8737200
8561179	8737121
8561190	8737124
8561217	8737038
8561140	8736975
8561151	8737001
8561192	8736854
8561179	8736882
8561261	8736770
8561127	8736736
8561174	8736700
8561152	8736635
8561159	8736634
8561082	8736574
8561161	8736492
8561106	8736445
8561199	8736404
8561103	8736356
8561139	8736285
8561157	8736289
8561109	8736210
8561093	8736169
8561138	8736169
8561129	8736038
8561090	8735967
8561096	8735948
8561081	8735915
8561031	8735885
8561115	8735833
8561070	8735830
8561120	8735739
8561090	8735674
8561101	8735695
8561047	8735625
8561123	8735505
8561088	8735467
8561079	8735425
8561073	8735409
8561076	8735353
8561062	8735286
8561027	8735238
8561038	8735211
8561063	8735197
8561111	8735146
8561053	8735027
8561016	8735027
8561016	8734973
8561071	8734867
8561032	8734912
8561053	8734775
8560985	8734810
8561041	8734736
8561061	8734688
8561043	8734665
8561038	8734606
8561067	8734564
8561066	8734535
8560992	8734464
8560986	8734412
8561010	8734369
8561035	8734383
8560931	8734255
8561009	8734230
8560986	8734231
8560967	8734198
8560988	8734123
8560909	8734072
8561010	8734038
8560963	8734002
8560961	8733969
8560947	8733877
8560957	8733855
8560930	8733794
8560928	8733793
8560958	8733706
8560999	8733658
8560935	8733588
8560983	8733624
8560899	8733576
8560955	8733507
8560909	8733492
8560940	8733460
8560895	8733383
8560961	8733374
8560916	8733301
8560918	8733268
8560882	8733170
8560922	8733163
8560900	8733124
8560983	8733042
8560969	8733054
8560974	8733015
8560922	8732963
8560866	8732870
8560963	8732847
8560918	8732836
8560997	8732761
8560906	8732719
8560939	8732694
8560852	8732707
8560913	8732584
8560972	8732535
8560954	8732504
8560924	8732484
8560939	8732479
8560929	8732390
8560852	8732336
8560885	8732279
8560840	8732259
8560888	8732215
8560910	8732190
8560880	8732142
8560911	8732101
8560937	8732092
8560861	8732044
8560866	8731935
8560902	8731948
8560881	8731851
8560825	8731820
8560920	8731834
8560890	8731715
8560881	8731681
8560856	8731700
8560947	8731641
8560834	8731564
8560895	8731536
8560866	8731478
8560870	8731450
8560831	8731364
8560796	8731342
8560851	8731281
8560873	8731237
8560865	8731250
8560793	8731197
8560795	8731168
8560771	8731099
8560779	8731012
8560837	8731031
8560791	8731010
8560805	8730921
8560815	8730844
8560807	8730801
8560802	8730820
8560806	8730787
8560855	8730700
8560769	8730655
8560794	8730603
8560788	8730543
8560767	8730491
8560774	8730435
8560725	8730433
8560776	8730370
8560755	8730342
8560657	8730288
8560724	8730262
8560688	8730174
8560797	8730185
8560747	8730089
8560710	8730071
8560667	8730004
8560611	8729996
8560621	8729922
8560645	8729908
8560687	8729822
8560623	8729782
8560574	8729769
8560593	8729685
8560638	8729680
8560667	8729591
8560630	8729634
8560617	8729467
8560573	8729466
8560595	8729446
8560578	8729385
8560574	8729374
8560550	8729351
8560498	8729304
8560582	8729227
8560496	8729189
8560488	8729186
8560553	8729089
8560502	8729051
8560537	8728993
8560488	8728950
8560515	8728905
8560464	8728922
8560550	8728861
8560521	8728793
8560501	8728734
8560487	8728747
8560470	8728651
8560387	8728608
8560497	8728590
8560397	8728554
8560433	8728497
8560446	8728454
8560393	8728434
8560361	8728406
8560427	8728362
8560357	8728334
8560343	8728275
8560409	8728227
8560415	8728252
8560382	8728242
8560415	8728134
8560417	8728171
8560353	8728089
8560357	8728026
8560412	8728071
8560426	8727979
8560362	8727919
8560455	8727913
8560414	8727886
8560441	8727837
8560409	8727802
8560319	8727726
8560398	8727754
8560374	8727644
8560423	8727671
8560442	8727653
8560353	8727605
8560410	8727540
8560392	8727526
8560442	8727424
8560450	8727417
8560416	8727419
8560418	8727346
8560323	8727276
8560397	8727280
8560395	8727226
8560334	8727260
8560357	8727157
8560412	8727104
8560325	8727099
8560370	8727128
8560392	8727018
8560333	8727044
8560361	8726936
8560317	8726908
8560331	8726845
8560308	8726834
8560321	8726826
8560359	8726726
8560327	8726726
8560368	8726763
8560358	8726659
8560327	8726659
8560350	8726636
8560280	8726538
8560290	8726544
8560296	8726513
8560336	8726434
8560316	8726404
8560347	8726399
8560327	8726295
8560318	8726309
8560329	8726317
8560266	8726254
8560282	8726235
8560230	8726254
8560291	8726164
8560316	8726159
8560283	8726164
8560259	8726013
8560273	8726019
8560264	8726075
8560263	8726050
8560252	8726002
8560235	8725938
8560239	8725947
8560274	8725885
8560228	8725896
8560288	8725863
8560323	8725835
8560260	8725839
8560281	8725810
8560243	8725734
8560307	8725729
8560291	8725701
8560290	8725631
8560321	8725629
8560271	8725703
8560309	8725601
8560290	8725573
8560347	8725574
8560344	8725507
8560297	8725479
8560284	8725396
8560216	8725377
8560267	8725378
8560321	8725300
8560264	8725331
8560352	8725331
8560224	8725292
8560330	8725270
8560350	8725212
8560309	8725251
8560287	8725136
8560311	8725173
8560265	8725135
8560245	8725105
8560295	8725063
8560295	8725085
8560245	8725033
8560309	8725036
8560284	8724988
8560256	8725027
8560266	8724926
8560241	8724910
8560301	8724822
8560297	8724868
8560281	8724820
8560335	8724766
8560257	8724710
8560321	8724776
8560321	8724737
8560258	8724749
8560267	8724659
8560267	8724655
8560333	8724624
8560292	8724604
8560321	8724550
8560287	8724518
8560327	8724467
8560313	8724528
8560330	8724462
8560324	8724476
8560318	8724485
8560301	8724416
8560334	8724395
8560312	8724373
8560400	8724335
8560276	8724340
8560325	8724294
8560370	8724284
8560313	8724249
8560339	8724212
8560281	8724252
8560323	8724177
8560308	8724125
8560318	8724100
8560377	8724129
8560372	8724051
8560382	8724066
8560346	8723995
8560364	8723987
8560360	8723992
8560305	8723923
8560382	8723933
8560368	8723889
8560319	8723898
8560410	8723853
8560306	8723842
8560400	8723778
8560355	8723764
8560379	8723754
8560330	8723753
8560387	8723744
8560384	8723703
8560342	8723651
8560391	8723632
8560389	8723620
8560445	8723618
8560367	8723578
8560376	8723561
8560413	8723540
8560412	8723486
8560361	8723490
8560406	8723425
8560381	8723353
8560394	8723463
8560352	8723371
8560427	8723397
8560457	8723333
8560422	8723286
8560363	8723342
8560449	8723291
8560369	8723219
8560391	8723249
8560464	8723204
8560462	8723142
8560441	8723181
8560451	8723117
8560376	8723092
8560413	8723081
8560412	8723075
8560413	8723052
8560444	8722983
8560474	8722963
8560377	8722944
8560483	8722940
8560458	8722856
8560458	8722822
8560425	8722834
8560399	8722863
8560462	8722833
8560453	8722743
8560411	8722762
8560484	8722737
8560457	8722675
8560493	8722697
8560467	8722687
8560440	8722648
8560440	8722606
8560416	8722576
8560502	8722625
8560478	8722616
8560475	8722528
8560445	8722454
8560506	8722428
8560449	8722451
8560448	8722479
8560516	8722463
8560389	8722397
8560511	8722408
8560501	8722327
8560476	8722349
8560440	8722311
8560487	8722296
8560470	8722319
8560465	8722265
8560517	8722220
8560456	8722209
8560432	8722218
8560486	8722118
8560443	8722128
8560459	8722122
8560473	8722089
8560512	8722134
8560518	8722038
8560527	8721983
8560473	8721979
8560558	8722032
8560507	8722027
8560525	8721983
8560520	8721915
8560477	8721887
8560564	8721894
8560517	8721921
8560507	8721843
8560470	8721839
8560549	8721830
8560540	8721802
8560522	8721773
8560474	8721809
8560524	8721756
8560505	8721726
8560480	8721711
8560553	8721695
8560535	8721698
8560527	8721693
8560546	8721611
8560491	8721668
8560569	8721573
8560531	8721579
8560555	8721536
8560548	8721565
8560535	8721600
8560491	8721535
8560612	8721466
8560609	8721463
8560604	8721463
8560522	8721394
8560531	8721384
8560597	8721433
8560622	8721375
8560574	8721349
8560587	8721306
8560640	8721321
8560623	8721289
8560601	8721256
8560661	8721247
8560589	8721303
8560640	8721213
8560647	8721209
8560618	8721186
8560627	8721177
8560610	8721123
8560622	8721158
8560633	8721107
8560626	8721125
8560634	8721081
8560660	8721109
8560621	8721054
8560676	8721032
8560607	8721021
8560613	8721022
8560661	8721039
8560636	8720976
8560672	8720949
8560716	8720926
8560657	8720908
8560602	8720901
8560638	8720934
8560629	8720941
8560655	8720895
8560647	8720924
8560676	8720884
8560551	8720935
8560663	8720808
8560696	8720857
8560660	8720828
8560684	8720828
8560736	8720841
8560688	8720815
8560654	8720788
8560674	8720766
8560715	8720784
8560738	8720743
8560700	8720744
8560708	8720692
8560703	8720690
8560721	8720653
8560738	8720637
8560748	8720663
8560713	8720653
8560694	8720635
8560713	8720600
8560755	8720539
8560735	8720640
8560745	8720541
8560773	8720560
8560794	8720574
8560795	8720461
8560775	8720534
8560700	8720497
8560797	8720414
8560791	8720439
8560809	8720412
8560778	8720390
8560750	8720425
8560794	8720365
8560793	8720388
8560793	8720364
8560837	8720336
8560832	8720345
8560766	8720329
8560765	8720295
8560817	8720326
8560918	8720275
8560769	8720225
8560795	8720241
8560846	8720259
8560807	8720273
8560842	8720204
8560860	8720203
8560874	8720201
8560868	8720192
8560855	8720121
8560837	8720102
8560903	8720134
8560856	8720144
8560833	8720061
8560876	8720094
8560885	8720110
8560893	8720044
8560932	8720020
8560906	8719984
8560911	8720029
8560938	8719987
8560883	8719966
8560875	8719961
8560921	8719973
8560919	8719963
8560945	8719918
8560976	8719915
8560989	8719887
8560936	8719862
8560924	8719805
8560934	8719865
8560901	8719779
8560959	8719806
8560906	8719836
8560963	8719820
8560952	8719775
8561005	8719797
8560999	8719760
8560979	8719741
8560955	8719704
8560975	8719727
8560919	8719777
8561004	8719737
8561007	8719730
8561074	8719711
8560983	8719687
8561024	8719673
8561046	8719696
8560990	8719689
8561005	8719615
8561093	8719657
8561082	8719717
8561008	8719690
8561070	8719655
8561092	8719700
8561056	8719650
8561126	8719589
8561037	8719599
8561096	8719599
8561119	8719554
8561063	8719562
8561123	8719528
8561046	8719580
8561130	8719540
8561135	8719550
8561129	8719542
8561176	8719509
8561092	8719510
8561151	8719513
8561132	8719466
8561162	8719459
8561149	8719463
8561131	8719439
8561217	8719365
8561156	8719462
8561117	8719380
8561216	8719391
8561183	8719402
8561162	8719336
8561162	8719378
8561135	8719317
8561175	8719292
8561212	8719354
8561182	8719275
8561255	8719291
8561255	8719295
8561180	8719238
8561211	8719278
8561173	8719235
8561196	8719242
8561183	8719232
8561210	8719181
8561178	8719181
8561196	8719144
8561184	8719159
8561159	8719157
8561232	8719178
8561200	8719165
8561218	8719132
8561156	8719105
8561185	8719074
8561237	8719092
8561259	8719066
8561265	8719068
8561214	8719016
8561211	8719017
8561287	8718991
8561233	8718981
8561234	8718982
8561244	8718933
8561197	8718979
8561117	8718967
8561213	8718909
8561231	8718930
8561203	8718882
8561205	8718909
8561231	8718900
8561196	8718894
8561233	8718877
8561199	8718893
8561210	8718855
8561215	8718820
8561252	8718871
8561238	8718766
8561232	8718747
8561167	8718731
8561192	8718777
8561144	8718798
8561143	8718738
8561145	8718691
8561150	8718726
8561212	8718721
8561155	8718680
8561157	8718721
8561149	8718651
8561195	8718638
8561162	8718616
8561089	8718612
8561076	8718573
8561158	8718585
8561083	8718574
8561110	8718515
8561107	8718502
8561115	8718482
8561041	8718543
8561077	8718481
8561063	8718398
8561057	8718464
8561082	8718437
8561102	8718391
8560996	8718432
8561099	8718409
8561013	8718397
8561015	8718410
8561085	8718353
8561146	8718385
8561079	8718339
8561071	8718336
8561098	8718327
8561038	8718327
8561027	8718313
8561053	8718304
8561049	8718265
8561060	8718280
8561123	8718272
8561014	8718243
8561080	8718199
8561077	8718141
8560984	8718173
8561062	8718205
8561023	8718180
8560978	8718141
8561004	8718171
8561064	8718109
8560990	8718066
8560949	8718013
8560946	8718081
8561021	8718033
8560994	8718026
8560970	8718008
8561021	8718002
8560978	8718005
8561007	8718038
8561019	8717999
8561047	8717946
8561003	8717950
8560995	8717940
8561051	8717882
8561047	8717900
8560964	8717941
8561018	8717940
8560999	8717920
8560941	8717793
8561008	8717835
8560944	8717843
8560993	8717819
8561001	8717785
8560984	8717807
8561018	8717740
8560923	8717807
8560952	8717745
8560977	8717732
8561000	8717767
8560948	8717709
8560908	8717747
8560983	8717713
8560967	8717699
8560937	8717700
8560944	8717616
8560968	8717611
8561011	8717631
8560936	8717628
8560983	8717638
8560924	8717537
8560936	8717569
8560959	8717519
8560948	8717544
8560914	8717501
8560952	8717494
8560920	8717442
8560967	8717433
8560890	8717473
8560921	8717405
8560903	8717405
8560902	8717435
8560874	8717444
8560912	8717388
8560851	8717341
8560849	8717330
8560883	8717317
8560903	8717307
8560823	8717352
8560889	8717297
8560825	8717282
8560827	8717222
8560859	8717257
8560811	8717231
8560832	8717236
8560826	8717166
8560797	8717197
8560742	8717132
8560809	8717187
8560757	8717143
8560820	8717092
8560748	8717117
8560831	8717067
8560813	8717041
8560817	8717109
8560737	8717034
8560787	8717029
8560753	8717018
8560801	8716978
8560745	8716954
8560775	8716901
8560755	8716950
8560786	8716904
8560744	8716878
8560672	8716882
8560692	8716884
8560682	8716892
8560782	8716876
8560734	8716909
8560735	8716822
8560715	8716879
8560679	8716843
8560718	8716810
8560718	8716785
8560685	8716848
8560652	8716746
8560747	8716786
8560746	8716723
8560712	8716703
8560711	8716721
8560767	8716715
8560751	8716638
8560736	8716648
8560689	8716657
8560682	8716570
8560737	8716621
8560647	8716607
8560674	8716540
8560629	8716563
8560746	8716600
8560704	8716528
8560728	8716547
8560753	8716492
8560694	8716522
8560673	8716523
8560632	8716493
8560688	8716452
8560683	8716500
8560685	8716463
8560656	8716488
8560626	8716416
8560647	8716389
8560673	8716381
8560595	8716335
8560552	8716350
8560628	8716382
8560601	8716302
8560564	8716294
8560595	8716293
8560600	8716300
8560612	8716279
8560578	8716225
8560574	8716233
8560491	8716235
8560606	8716228
8560583	8716183
8560591	8716169
8560543	8716159
8560574	8716148
8560562	8716146
8560562	8716091
8560541	8716079
8560563	8716149
8560555	8716095
8560563	8716106
8560572	8716076
8560525	8716033
8560528	8716020
8560540	8716077
8560543	8715989
8560521	8716009
8560550	8715933
8560506	8715940
8560560	8715989
8560580	8715931
8560563	8715917
8560613	8715922
8560498	8715948
8560549	8715861
8560560	8715861
8560508	8715883
8560549	8715857
8560535	8715782
8560558	8715832
8560459	8715829
8560439	8715760
8560517	8715800
8560451	8715708
8560454	8715698
8560499	8715719
8560495	8715710
8560513	8715722
8560513	8715728
8560472	8715704
8560461	8715672
8560490	8715685
8560468	8715688
8560478	8715670
8560399	8715639
8560470	8715652
8560464	8715539
8560427	8715552
8560434	8715636
8560422	8715508
8560406	8715564
8560447	8715560
8560468	8715582
8560428	8715507
8560376	8715532
8560443	8715476
8560410	8715474
8560392	8715440
8560442	8715482
8560382	8715425
8560409	8715446
8560485	8715408
8560508	8715430
8560375	8715418
8560519	8715327
8560446	8715360
8560424	8715333
8560375	8715330
8560397	8715303
8560480	8715345
8560472	8715339
8560415	8715300
8560424	8715302
8560456	8715310
8560408	8715273
8560441	8715285
8560428	8715248
8560520	8715246
8560420	8715193
8560419	8715218
8560454	8715241
8560415	8715177
8560434	8715247
8560461	8715214
8560438	8715186
8560458	8715190
8560458	8715112
8560369	8715177
8560392	8715158
8560413	8715151
8560444	8715122
8560383	8715161
8560436	8715175
8560406	8715140
8560355	8715163
8560320	8715162
8560441	8715134
8560445	8715131
8560402	8715084
8560416	8715074
8560390	8715058
8560364	8715064
8560397	8715054
8560463	8715067
8560416	8715031
8560378	8715069
8560416	8715103
8560475	8715021
8560458	8715116
8560429	8715017
8560436	8714981
8560408	8715030
8560393	8714968
8560465	8714997
8560405	8715004
8560475	8715016
8560367	8714964
8560440	8715004
8560421	8714953
8560444	8714929
8560451	8714892
8560489	8714925
8560445	8714920
8560393	8714985
8560372	8714851
8560403	8714925
8560406	8714822
8560434	8714798
8560424	8714816
8560431	8714809
8560395	8714828
8560397	8714876
8560435	8714776
8560407	8714822
8560431	8714748
8560435	8714753
8560486	8714786
8560384	8714694
8560402	8714708
8560438	8714717
8560410	8714715
8560409	8714731
8560428	8714689
8560377	8714711
8560408	8714643
8560374	8714687
8560358	8714680
8560409	8714674
8560436	8714634
8560421	8714591
8560410	8714628
8560394	8714632
8560426	8714550
8560367	8714543
8560380	8714604
8560386	8714559
8560372	8714487
8560351	8714530
8560370	8714531
8560341	8714520
8560305	8714499
8560344	8714493
8560347	8714447
8560340	8714374
8560378	8714446
8560396	8714425
8560295	8714433
8560381	8714432
8560398	8714430
8560362	8714348
8560369	8714363
8560369	8714352
8560340	8714348
8560311	8714310
8560335	8714354
8560367	8714297
8560273	8714316
8560379	8714260
8560332	8714242
8560299	8714309
8560388	8714279
8560333	8714260
8560341	8714225
8560350	8714251
8560312	8714239
8560286	8714201
8560293	8714231
8560278	8714167
8560321	8714188
8560273	8714127
8560249	8714205
8560343	8714226
8560331	8714135
8560286	8714165
8560266	8714107
8560263	8714134
8560243	8714145
8560252	8714094
8560205	8714159
8560233	8714144
8560216	8714089
8560234	8714103
8560236	8714117
8560309	8714093
8560244	8714083
8560196	8714071
8560241	8714033
8560223	8714092
8560260	8714064
8560224	8714041
8560264	8714067
8560221	8714040
8560244	8714059
8560253	8713973
8560155	8714003
8560225	8713982
8560294	8713950
8560215	8713979
8560176	8713948
8560214	8713999
8560257	8713877
8560260	8713951
8560191	8713910
8560278	8713939
8560226	8713903
8560235	8713962
8560273	8713887
8560262	8713862
8560247	8713883
8560233	8713863
8560262	8713865
8560275	8713875
8560139	8713865
8560202	8713836
8560254	8713863
8560179	8713827
8560196	8713852
8560242	8713812
8560172	8713804
8560310	8713753
8560282	8713741
8560265	8713809
8560230	8713719
8560244	8713795
8560184	8713717
8560282	8713744
8560181	8713730
8560191	8713732
8560208	8713733
8560182	8713703
8560186	8713685
8560252	8713627
8560208	8713700
8560175	8713675
8560193	8713662
8560174	8713719
8560183	8713636
8560155	8713674
8560149	8713647
8560203	8713675
8560183	8713642
8560217	8713631
8560208	8713702
8560227	8713628
8560123	8713598
8560209	8713609
8560197	8713602
8560146	8713592
8560179	8713543
8560146	8713580
8560188	8713609
8560232	8713561
8560160	8713528
8560184	8713526
8560157	8713550
8560184	8713513
8560190	8713528
8560117	8713546
8560189	8713571
8560143	8713514
8560165	8713444
8560126	8713487
8560194	8713514
8560102	8713488
8560141	8713497
8560136	8713538
8560100	8713455
8560068	8713532
8560137	8713487
8560098	8713475
8560076	8713517
8560073	8713479
8560136	8713535
8560096	8713533
8560122	8713495
8560073	8713383
8560056	8713453
8560101	8713413
8560106	8713475
8560101	8713452
8560060	8713391
8560083	8713460
8560089	8713369
8560126	8713388
8560101	8713419
8560112	8713392
8560056	8713409
8560115	8713375
8560118	8713324
8560085	8713397
8560075	8713386
8560086	8713431
8560073	8713332
8560036	8713371
8560042	8713354
8560072	8713309
8560040	8713292
8560111	8713302
8559961	8713312
8560094	8713274
8560009	8713259
8560091	8713229
8560066	8713249
8560065	8713227
8560046	8713236
8560067	8713204
8560046	8713225
8559964	8713222
8560025	8713179
8560059	8713194
8559939	8713151
8560011	8713134
8560016	8713181
8560038	8713115
8559980	8713100
8560008	8713119
8560002	8713129
8560057	8713099
8560039	8713111
8559975	8713071
8560002	8713089
8560000	8713087
8560030	8713026
8559983	8713076
8560011	8713023
8560057	8713066
8559959	8713069
8559964	8713073
8559993	8713007
8559996	8713004
8559985	8712992
8559960	8713005
8559975	8712957
8559998	8712975
8559972	8712929
8559922	8712941
8559908	8712945
8559965	8712911
8559968	8712983
8559984	8712989
8559981	8712978
8559954	8712960
8559928	8712885
8559931	8712871
8560020	8712933
8559960	8712936
8559937	8712891
8559991	8712894
8559908	8712861
8559896	8712869
8559976	8712883
8559874	8712844
8559972	8712855
8559923	8712864
8559959	8712883
8559938	8712847
8559988	8712870
8559887	8712807
8559952	8712868
8559941	8712827
8559937	8712830
8559964	8712814
8559990	8712833
8560013	8712795
8559917	8712741
8559922	8712795
8559901	8712736
8559967	8712766
8559982	8712711
8559917	8712732
8559950	8712731
8559975	8712770
8559949	8712765
8559970	8712763
8559963	8712736
8559947	8712741
8559914	8712694
8559940	8712724
8559954	8712707
8559964	8712725
8559999	8712736
8559956	8712722
8559975	8712701
8559928	8712682
8560021	8712731
8559963	8712680
8559943	8712678
8559950	8712697
8559953	8712703
8560040	8712699
8559983	8712648
8559978	8712695
8559943	8712686
8560009	8712672
8560009	8712647
8560024	8712655
8559951	8712651
8559951	8712683
8559979	8712653
8559995	8712641
8559988	8712646
8559948	8712674
8559998	8712589
8559944	8712595
8559986	8712585
8560000	8712628
8559952	8712638
8560048	8712600
8560049	8712586
8560017	8712606
8560072	8712581
8559978	8712582
8559976	8712633
8560031	8712614
8559960	8712610
8559984	8712526
8559971	8712621
8560032	8712621
8560037	8712631
8560030	8712619
8560018	8712589
8560050	8712590
8560075	8712591
8560060	8712569
8560068	8712561
8560051	8712542
8560030	8712563
8560104	8712598
8560024	8712644
8560040	8712584
8560050	8712586
8560030	8712570
8560091	8712572
8560007	8712581
8560090	8712563
8560048	8712550
8560068	8712567
8560093	8712608
8560068	8712577
8560093	8712525
8560088	8712532
8560047	8712556
8560045	8712518
8560148	8712555
8560106	8712571
8560101	8712581
8560070	8712496
8560050	8712561
8560139	8712548
8560093	8712551
8560075	8712557
8560061	8712533
8560114	8712520
8560040	8712538
8560142	8712545
8560134	8712494
8560010	8712528
8560140	8712549
8560079	8712519
8560091	8712467
8560074	8712455
8560060	8712448
8560153	8712473
8560107	8712462
8560096	8712471
8560073	8712465
8560129	8712456
8560100	8712483
8560039	8712486
8560083	8712476
8560061	8712458
8560144	8712440
8560114	8712415
8560153	8712430
8560126	8712407
8560119	8712441
8560115	8712453
8560102	8712417
8560095	8712383
8560108	8712395
8560121	8712378
8560152	8712392
8560078	8712424
8560020	8712377
8560048	8712399
8560076	8712416
8560110	8712411
8560040	8712378
8560083	8712369
8560116	8712373
8560116	8712359
8560058	8712325
8560116	8712326
8560100	8712382
8560046	8712360
8560047	8712373
8560076	8712352
8560061	8712352
8560091	8712315
8560027	8712275
8560081	8712293
8560056	8712301
8560103	8712324
8560042	8712292
8560012	8712351
8560001	8712293
8560056	8712341
8560057	8712304
8559993	8712236
8560023	8712274
8560048	8712227
8560039	8712251
8560052	8712280
8560064	8712227
8560012	8712215
8560041	8712253
8559980	8712260
8560038	8712199
8560072	8712197
8559999	8712213
8560108	8712217
8560037	8712235
8560081	8712184
8560035	8712205
8560005	8712219
8560031	8712246
8560027	8712185
8560054	8712157
8560069	8712171
8560028	8712208
8560041	8712216
8560020	8712202
8560071	8712180
8560089	8712181
8559950	8712187
8559993	8712160
8560090	8712139
8560067	8712168
8560012	8712138
8560046	8712183
8560016	8712128
8560039	8712176
8559998	8712169
8560028	8712107
8560033	8712178
8560070	8712132
8559965	8712141
8560093	8712129
8560032	8712103
8560027	8712078
8559989	8712086
8560006	8712087
8560031	8712101
8559998	8712092
8560050	8712057
8560013	8712114
8560027	8712049
8560016	8712097
8560013	8712064
8559984	8712058
8560029	8712070
8559963	8712054
8560023	8712054
8560026	8712055
8560065	8712075
8560012	8712015
8559993	8712041
8560020	8712088
8560015	8712050
8559986	8712011
8560064	8712015
8560032	8712036
8560005	8712053
8559974	8711965
8560057	8712032
8560093	8712003
8560004	8712029
8560003	8712017
8560032	8711940
8560048	8712022
8559974	8711970
8560004	8712018
8559984	8711966
8560031	8712018
8560035	8711984
8560049	8711964
8560066	8711973
8559993	8711954
8560038	8711996
8560040	8711975
8560037	8711917
8559993	8711919
8560044	8711931
8560020	8711961
8560005	8711912
8560022	8711975
8560032	8711897
8560030	8711931
8560040	8711921
8559996	8711990
8560031	8711921
8560003	8711905
8560012	8711892
8559969	8711886
8560032	8711885
8559963	8711878
8559975	8711902
8559975	8711865
8559946	8711853
8560030	8711865
8560040	8711838
8560034	8711841
8560089	8711880
8560024	8711829
8560065	8711814
8560005	8711835
8560051	8711820
8560040	8711839
8560047	8711901
8560018	8711817
8560042	8711833
8560013	8711845
8560018	8711792
8560043	8711811
8559984	8711792
8560027	8711861
8560019	8711838
8559987	8711791
8559984	8711795
8559979	8711777
8560072	8711819
8560056	8711824
8559990	8711814
8560001	8711803
8560028	8711751
8560030	8711811
8560018	8711823
8560018	8711782
8560006	8711789
8560082	8711774
8560046	8711838
8560020	8711798
8560049	8711826
8560107	8711827
8560071	8711771
8560076	8711793
8560039	8711810
8560030	8711857
8560082	8711781
8560104	8711749
8560078	8711881
8560086	8711746
8560037	8711819
8560038	8711784
8560048	8711801
8560057	8711836
8560133	8711833
8560136	8711788
8560053	8711765
8560077	8711799
8560105	8711778
8560066	8711805
8560088	8711798
8560119	8711816
8560179	8711806
8560115	8711819
8560100	8711816
8560142	8711819
8560121	8711802
8560166	8711791
8560178	8711810
8560159	8711828
8560095	8711799
8560158	8711812
8560159	8711756
8560130	8711764
8560140	8711771
8560134	8711842
8560185	8711761
8560195	8711806
8560209	8711781
8560177	8711772
8560169	8711719
8560169	8711706
8560108	8711850
8560157	8711761
8560167	8711802
8560202	8711779
8560139	8711730
8560176	8711781
8560198	8711765
8560175	8711795
8560180	8711740
8560092	8711771
8560143	8711765
8560185	8711748
8560206	8711721
8560240	8711754
8560181	8711782
8560231	8711745
8560219	8711811
8560227	8711785
8560180	8711698
8560191	8711779
8560198	8711702
8560181	8711697
8560216	8711765
8560229	8711730
8560149	8711712
8560219	8711749
8560164	8711701
8560223	8711742
8560214	8711745
8560219	8711674
8560229	8711635
8560253	8711683
8560253	8711746
8560197	8711652
8560267	8711616
8560215	8711688
8560229	8711637
8560229	8711672
8560251	8711635
8560205	8711608
8560206	8711662
8560208	8711595
8560214	8711544
8560153	8711664
8560232	8711611
8560221	8711590
8560157	8711542
8560199	8711575
8560173	8711524
8560186	8711546
8560187	8711506
8560145	8711537
8560165	8711561
8560197	8711505
8560198	8711549
8560111	8711481
8560164	8711481
8560156	8711518
8560116	8711501
8560146	8711506
8560152	8711479
8560109	8711504
8560172	8711511
8560118	8711458
8560148	8711550
8560137	8711465
8560094	8711501
8560172	8711476
8560126	8711502
8560108	8711498
8560109	8711459
8560066	8711499
8560089	8711460
8560079	8711508
8560130	8711463
8560097	8711490
8560121	8711464
8560103	8711487
8560127	8711475
8560136	8711481
8560104	8711450
8560089	8711501
8560103	8711483
8560076	8711466
8560103	8711429
8560079	8711421
8560067	8711461
8560109	8711432
8560079	8711488
8560097	8711424
8560178	8711437
8560103	8711401
8560086	8711455
8560135	8711392
8560108	8711439
8560089	8711442
8560091	8711461
8560094	8711469
8560066	8711471
8560085	8711324
8560060	8711392
8560079	8711327
8560056	8711373
8560036	8711362
8560070	8711370
8560091	8711373
8559988	8711346
8560013	8711366
8560037	8711296
8560036	8711360
8560034	8711379
8560006	8711340
8559989	8711353
8560086	8711354
8560038	8711351
8559943	8711339
8560032	8711296
8560040	8711389
8559956	8711340
8559926	8711357
8559886	8711341
8559944	8711359
8559971	8711337
8560050	8711345
8559963	8711324
8559948	8711319
8559986	8711351
8559919	8711340
8559904	8711336
8559922	8711376
8559984	8711390
8559969	8711358
8559947	8711298
8559980	8711336
8559960	8711315
8559973	8711338
8559951	8711336
8559944	8711329
8559971	8711347
8559984	8711278
8559928	8711314
8559886	8711267
8559980	8711239
8559908	8711250
8559974	8711258
8559932	8711269
8559969	8711295
8559941	8711260
8559964	8711282
8559886	8711226
8560028	8711255
8559941	8711274
8559948	8711268
8559970	8711250
8559981	8711286
8559884	8711257
8559915	8711313
8559958	8711256
8559867	8711264
8559864	8711273
8559911	8711257
8559863	8711279
8559963	8711239
8559935	8711247
8559851	8711234
8559962	8711267
8559890	8711285
8559889	8711282
8559893	8711280
8559929	8711201
8559873	8711251
8559928	8711215
8559844	8711214
8559888	8711220
8559905	8711207
8559894	8711216
8559863	8711196
8559868	8711240
8559906	8711194
8559873	8711216
8559918	8711192
8559907	8711202
8559892	8711262
8559883	8711207
8559880	8711168
8559846	8711250
8559863	8711160
8559815	8711211
8559872	8711153
8559913	8711217
8559873	8711155
8559883	8711196
8559836	8711189
8559908	8711222
8559885	8711144
8559881	8711215
8559837	8711267
8559894	8711208
8559846	8711156
8559829	8711198
8559882	8711196
8559843	8711157
8559906	8711154
8559872	8711201
8559847	8711217
8559836	8711272
8559842	8711238
8559868	8711227
8559941	8711248
8559879	8711238
8559861	8711242
8559815	8711244
8559871	8711254
8559893	8711300
8559821	8711342
8559837	8711309
8559886	8711360
8559908	8711320
8559900	8711321
8559869	8711354
