0.016667	8631809	8885240
0.033333	8630597	8884393
0.050000	8630536	8884196
0.066667	8630474	8883821
0.083333	8630369	8883657
0.100000	8630249	8883401
0.116667	8630175	8883123
0.133333	8630125	8882863
0.150000	8629870	8882621
0.166667	8629748	8882359
0.183333	8629598	8882126
0.200000	8629508	8881885
0.216667	8629424	8881610
0.233333	8629185	8881380
0.250000	8629053	8881175
0.266667	8628901	8880897
0.283333	8628776	8880690
0.300000	8628630	8880431
0.316667	8628557	8880242
0.333333	8628383	8880067
0.350000	8628240	8879813
0.366667	8628161	8879599
0.383333	8628005	8879329
0.400000	8627883	8879076
0.416667	8627723	8878889
0.433333	8627644	8878606
0.450000	8627524	8878461
0.466667	8627407	8878263
0.483333	8627245	8878018
0.500000	8627157	8877784
0.516667	8626999	8877664
0.533333	8626912	8877392
0.550000	8626661	8877148
0.566667	8626662	8876988
0.583333	8626455	8876779
0.600000	8626353	8876541
0.616667	8626258	8876336
0.633333	8626120	8876156
0.650000	8625980	8875885
0.666667	8625850	8875738
0.683333	8625692	8875471
0.700000	8625624	8875230
0.716667	8625534	8875052
0.733333	8625326	8874822
0.750000	8625265	8874638
0.766667	8625116	8874479
0.783333	8625032	8874192
0.800000	8624926	8874004
0.816667	8624816	8873865
0.833333	8624628	8873600
0.850000	8624570	8873423
0.866667	8624353	8873248
0.883333	8624336	8872955
0.900000	8624127	8872781
0.916667	8624029	8872525
0.933333	8623843	8872368
0.950000	8623801	8872157
0.966667	8623622	8871945
0.983333	8623501	8871746
1.000000	8623386	8871487
1.016667	8623286	8871278
1.033333	8623153	8871112
1.050000	8623027	8870854
1.066667	8622879	8870639
1.083333	8622819	8870448
1.100000	8622702	8870250
1.116667	8622550	8869964
1.133333	8622395	8869785
1.150000	8622326	8869540
1.166667	8622133	8869360
1.183333	8622024	8869153
1.200000	8621915	8868956
1.216667	8621796	8868729
1.233333	8621692	8868528
1.250000	8621571	8868287
1.266667	8621408	8868066
1.283333	8621267	8867883
1.300000	8621139	8867650
1.316667	8620989	8867404
1.333333	8620877	8867259
1.350000	8620737	8867050
1.366667	8620676	8866829
1.383333	8620506	8866598
1.400000	8620398	8866412
1.416667	8620306	8866187
1.433333	8620176	8865954
1.450000	8620029	8865720
1.466667	8619978	8865516
1.483333	8619848	8865282
1.500000	8619666	8865133
1.516667	8619565	8864959
1.533333	8619312	8864622
1.550000	8619283	8864424
1.566667	8619181	8864283
1.583333	8619011	8864057
1.600000	8618966	8863884
1.616667	8618806	8863651
1.633333	8618738	8863430
1.650000	8618541	8863257
1.666667	8618411	8863042
1.683333	8618287	8862793
1.700000	8618209	8862581
1.716667	8618055	8862360
1.733333	8617930	8862196
1.750000	8617852	8861957
1.766667	8617762	8861718
1.783333	8617548	8861586
1.800000	8617478	8861316
1.816667	8617360	8861137
1.833333	8617208	8860977
1.850000	8617126	8860722
1.866667	8616944	8860481
1.883333	8616855	8860322
1.900000	8616716	8860073
1.916667	8616598	8859912
1.933333	8616433	8859663
1.950000	8616373	8859479
1.966667	8616192	8859314
1.983333	8616106	8859081
2.000000	8615956	8858831
2.016667	8615864	8858628
2.033333	8615737	8858424
2.050000	8615615	8858226
2.066667	8615495	8858025
2.083333	8615332	8857834
2.100000	8615244	8857628
2.116667	8615205	8857481
2.133333	8615027	8857208
2.150000	8614822	8857083
2.166667	8614775	8856815
2.183333	8614581	8856541
2.200000	8614551	8856418
2.216667	8614452	8856209
2.233333	8614335	8856071
2.250000	8614133	8855826
2.266667	8614085	8855578
2.283333	8613905	8855439
2.300000	8613804	8855144
2.316667	8613684	8855011
2.333333	8613547	8854727
2.350000	8613464	8854605
2.366667	8613344	8854345
2.383333	8613210	8854190
2.400000	8613043	8853999
2.416667	8612950	8853790
2.433333	8612868	8853580
2.450000	8612708	8853322
2.466667	8612591	8853186
2.483333	8612454	8852945
2.500000	8612360	8852730
2.516667	8612277	8852560
2.533333	8612104	8852376
2.550000	8611993	8852133
2.566667	8611895	8851955
2.583333	8611775	8851735
2.600000	8611666	8851489
2.616667	8611540	8851336
2.633333	8611402	8851171
2.650000	8611267	8850988
2.666667	8611189	8850744
2.683333	8611053	8850552
2.700000	8610978	8850352
2.716667	8610836	8850158
2.733333	8610667	8849978
2.750000	8610551	8849730
2.766667	8610390	8849509
2.783333	8610327	8849381
2.800000	8610240	8849168
2.816667	8610094	8848997
2.833333	8609962	8848717
2.850000	8609890	8848561
2.866667	8609770	8848334
2.883333	8609666	8848167
2.900000	8609486	8847933
2.916667	8609438	8847760
2.933333	8609236	8847539
2.950000	8609126	8847357
2.966667	8609046	8847165
2.983333	8608918	8846969
3.000000	8608851	8846721
3.016667	8608731	8846534
3.033333	8608601	8846375
3.050000	8608480	8846134
3.066667	8608413	8845930
3.083333	8608282	8845766
3.100000	8608139	8845525
3.116667	8608054	8845337
3.133333	8607903	8845112
3.150000	8607793	8844932
3.166667	8607637	8844685
3.183333	8607643	8844555
3.200000	8607468	8844346
3.216667	8607276	8844138
3.233333	8607176	8843938
3.250000	8607058	8843716
3.266667	8606995	8843577
3.283333	8606875	8843358
3.300000	8606753	8843131
3.316667	8606640	8842948
3.333333	8606476	8842815
3.350000	8606408	8842534
3.366667	8606219	8842370
3.383333	8606144	8842099
3.400000	8605966	8841934
3.416667	8605899	8841726
3.433333	8605783	8841575
3.450000	8605656	8841344
3.466667	8605596	8841168
3.483333	8605504	8840975
3.500000	8605374	8840736
3.516667	8605251	8840575
3.533333	8605123	8840408
3.550000	8605014	8840181
3.566667	8604960	8840018
3.583333	8604817	8839829
3.600000	8604653	8839649
3.616667	8604571	8839462
3.633333	8604450	8839244
3.650000	8604340	8839091
3.666667	8604245	8838863
3.683333	8604127	8838727
3.700000	8603989	8838483
3.716667	8603890	8838322
3.733333	8603807	8838097
3.750000	8603714	8837950
3.766667	8603572	8837769
3.783333	8603521	8837514
3.800000	8603332	8837346
3.816667	8603232	8837153
3.833333	8603089	8836945
3.850000	8602963	8836785
3.866667	8602893	8836578
3.883333	8602777	8836466
3.900000	8602652	8836172
3.916667	8602540	8836020
3.933333	8602480	8835772
3.950000	8602293	8835645
3.966667	8602332	8835450
3.983333	8602117	8835225
4.000000	8602006	8835081
4.016667	8601894	8834881
4.033333	8601762	8834681
4.050000	8601693	8834522
4.066667	8601558	8834321
4.083333	8601447	8834087
4.100000	8601329	8833862
4.116667	8601183	8833695
4.133333	8601074	8833507
4.150000	8600975	8833241
4.166667	8600871	8833126
4.183333	8600784	8832874
4.200000	8600668	8832748
4.216667	8600580	8832487
4.233333	8600433	8832312
4.250000	8600320	8832162
4.266667	8600219	8832004
4.283333	8600159	8831767
4.300000	8600104	8831586
4.316667	8599931	8831394
4.333333	8599873	8831148
4.350000	8599724	8831079
4.366667	8599617	8830885
4.383333	8599605	8830687
4.400000	8599409	8830476
4.416667	8599369	8830296
4.433333	8599248	8830118
4.450000	8599104	8829953
4.466667	8599008	8829709
4.483333	8598848	8829557
4.500000	8598814	8829384
4.516667	8598697	8829258
4.533333	8598605	8829029
4.550000	8598514	8828787
4.566667	8598411	8828678
4.583333	8598325	8828430
4.600000	8598192	8828310
4.616667	8598101	8828084
4.633333	8597971	8827985
4.650000	8597827	8827730
4.666667	8597779	8827532
4.683333	8597661	8827371
4.700000	8597583	8827167
4.716667	8597451	8826995
4.733333	8597397	8826817
4.750000	8597323	8826631
4.766667	8597169	8826427
4.783333	8597109	8826317
4.800000	8596982	8826078
4.816667	8596869	8825921
4.833333	8596788	8825698
4.850000	8596672	8825555
4.866667	8596571	8825379
4.883333	8596467	8825149
4.900000	8596365	8825012
4.916667	8596258	8824805
4.933333	8596113	8824644
4.950000	8596027	8824497
4.966667	8595929	8824281
4.983333	8595828	8824087
5.000000	8595748	8823913
5.016667	8595696	8823742
5.033333	8595555	8823557
5.050000	8595427	8823346
5.066667	8595359	8823096
5.083333	8595254	8822934
5.100000	8595086	8822820
5.116667	8594997	8822620
5.133333	8594957	8822458
5.150000	8594816	8822282
5.166667	8594767	8822001
5.183333	8594595	8821885
5.200000	8594500	8821698
5.216667	8594404	8821512
5.233333	8594272	8821356
5.250000	8594250	8821189
5.266667	8594188	8820956
5.283333	8593964	8820801
5.300000	8593936	8820662
5.316667	8593779	8820423
5.333333	8593721	8820255
5.350000	8593584	8820055
5.366667	8593456	8819887
5.383333	8593404	8819723
5.400000	8593304	8819519
5.416667	8593146	8819324
5.433333	8593127	8819184
5.450000	8592998	8818993
5.466667	8592848	8818788
5.483333	8592829	8818621
5.500000	8592760	8818413
5.516667	8592656	8818247
5.533333	8592469	8818078
5.550000	8592358	8817967
5.566667	8592335	8817752
5.583333	8592202	8817556
5.600000	8592051	8817387
5.616667	8592029	8817153
5.633333	8591901	8816977
5.650000	8591795	8816837
5.666667	8591702	8816623
5.683333	8591562	8816455
5.700000	8591502	8816253
5.716667	8591424	8816087
5.733333	8591286	8815891
5.750000	8591135	8815735
5.766667	8591052	8815647
5.783333	8590957	8815355
5.800000	8590839	8815258
5.816667	8590814	8815037
5.833333	8590697	8814861
5.850000	8590602	8814653
5.866667	8590451	8814444
5.883333	8590417	8814316
5.900000	8590290	8814127
5.916667	8590221	8813908
5.933333	8590088	8813781
5.950000	8589963	8813583
5.966667	8589864	8813407
5.983333	8589825	8813244
6.000000	8589687	8813061
6.016667	8589634	8812922
6.033333	8589484	8812719
6.050000	8589456	8812515
6.066667	8589373	8812419
6.083333	8589294	8812227
6.100000	8589139	8812037
6.116667	8589108	8811840
6.133333	8588961	8811683
6.150000	8588856	8811518
6.166667	8588813	8811354
6.183333	8588698	8811181
6.200000	8588608	8811027
6.216667	8588552	8810856
6.233333	8588414	8810609
6.250000	8588359	8810527
6.266667	8588288	8810278
6.283333	8588127	8810056
6.300000	8588097	8809927
6.316667	8587926	8809805
6.333333	8587893	8809595
6.350000	8587747	8809384
6.366667	8587696	8809171
6.383333	8587629	8809078
6.400000	8587491	8808905
6.416667	8587474	8808675
6.433333	8587388	8808563
6.450000	8587248	8808291
6.466667	8587140	8808190
6.483333	8587060	8807992
6.500000	8587035	8807842
6.516667	8586907	8807676
6.533333	8586783	8807496
6.550000	8586731	8807377
6.566667	8586607	8807176
6.583333	8586544	8807005
6.600000	8586498	8806833
6.616667	8586345	8806674
6.633333	8586246	8806548
6.650000	8586219	8806333
6.666667	8586134	8806192
6.683333	8586075	8806056
6.700000	8585995	8805866
6.716667	8585897	8805759
6.733333	8585808	8805574
6.750000	8585732	8805368
6.766667	8585626	8805197
6.783333	8585533	8805053
6.800000	8585449	8804906
6.816667	8585419	8804768
6.833333	8585346	8804566
6.850000	8585295	8804407
6.866667	8585099	8804189
6.883333	8585031	8804058
6.900000	8584988	8803935
6.916667	8584930	8803705
6.933333	8584849	8803570
6.950000	8584792	8803424
6.966667	8584534	8803227
6.983333	8584600	8803074
7.000000	8584485	8802925
7.016667	8584407	8802799
7.033333	8584382	8802584
7.050000	8584261	8802454
7.066667	8584158	8802285
7.083333	8584081	8802108
7.100000	8583982	8801931
7.116667	8583932	8801801
7.133333	8583860	8801649
7.150000	8583767	8801468
7.166667	8583662	8801313
7.183333	8583654	8801102
7.200000	8583516	8800923
7.216667	8583417	8800784
7.233333	8583313	8800612
7.250000	8583309	8800513
7.266667	8583192	8800329
7.283333	8583099	8800165
7.300000	8583041	8799906
7.316667	8582929	8799768
7.333333	8582865	8799675
7.350000	8582755	8799486
7.366667	8582711	8799328
7.383333	8582581	8799154
7.400000	8582498	8799041
7.416667	8582479	8798827
7.433333	8582374	8798691
7.450000	8582316	8798534
7.466667	8582191	8798364
7.483333	8582029	8798216
7.500000	8582016	8798051
7.516667	8581935	8797886
7.533333	8581816	8797688
7.550000	8581744	8797587
7.566667	8581657	8797371
7.583333	8581591	8797235
7.600000	8581517	8797089
7.616667	8581448	8796901
7.633333	8581347	8796783
7.650000	8581282	8796573
7.666667	8581185	8796447
7.683333	8581118	8796210
7.700000	8581081	8796149
7.716667	8580993	8795951
7.733333	8580851	8795747
7.750000	8580822	8795633
7.766667	8580708	8795477
7.783333	8580655	8795323
7.800000	8580588	8795155
7.816667	8580473	8794938
7.833333	8580463	8794823
7.850000	8580266	8794637
7.866667	8580268	8794532
7.883333	8580192	8794333
7.900000	8580113	8794212
7.916667	8580005	8794088
7.933333	8579949	8793894
7.950000	8579860	8793799
7.966667	8579768	8793574
7.983333	8579712	8793467
8.000000	8579599	8793246
8.016667	8579575	8793061
8.033333	8579485	8792909
8.050000	8579490	8792727
8.066667	8579375	8792585
8.083333	8579283	8792463
8.100000	8579147	8792296
8.116667	8579104	8792163
8.133333	8579090	8791978
8.150000	8579022	8791842
8.166667	8578902	8791658
8.183333	8578891	8791498
8.200000	8578788	8791387
8.216667	8578700	8791226
8.233333	8578575	8791073
8.250000	8578492	8790880
8.266667	8578477	8790755
8.283333	8578405	8790620
8.300000	8578294	8790476
8.316667	8578248	8790263
8.333333	8578145	8790137
8.350000	8578168	8789986
8.366667	8578046	8789860
8.383333	8577999	8789689
8.400000	8577941	8789580
8.416667	8577879	8789409
8.433333	8577788	8789276
8.450000	8577741	8789123
8.466667	8577649	8788967
8.483333	8577571	8788804
8.500000	8577482	8788720
8.516667	8577394	8788496
8.533333	8577392	8788358
8.550000	8577318	8788229
8.566667	8577280	8788085
8.583333	8577206	8787942
8.600000	8577104	8787784
8.616667	8577029	8787653
8.633333	8576939	8787505
8.650000	8576871	8787329
8.666667	8576785	8787228
8.683333	8576711	8787012
8.700000	8576692	8786934
8.716667	8576642	8786811
8.733333	8576556	8786603
8.750000	8576515	8786474
8.766667	8576452	8786294
8.783333	8576413	8786185
8.800000	8576278	8786021
8.816667	8576295	8785871
8.833333	8576242	8785788
8.850000	8576125	8785555
8.866667	8576028	8785450
8.883333	8575998	8785311
8.900000	8575901	8785062
8.916667	8575811	8785004
8.933333	8575768	8784843
8.950000	8575683	8784671
8.966667	8575633	8784552
8.983333	8575552	8784430
9.000000	8575526	8784239
9.016667	8575456	8784096
9.033333	8575337	8783986
9.050000	8575327	8783812
9.066667	8575225	8783696
9.083333	8575230	8783525
9.100000	8575054	8783426
9.116667	8575042	8783293
9.133333	8574969	8783139
9.150000	8574916	8782972
9.166667	8574881	8782917
9.183333	8574797	8782683
9.200000	8574758	8782525
9.216667	8574710	8782436
9.233333	8574648	8782318
9.250000	8574485	8782076
9.266667	8574517	8782027
9.283333	8574467	8781888
9.300000	8574334	8781699
9.316667	8574351	8781592
9.333333	8574252	8781440
9.350000	8574232	8781286
9.366667	8574157	8781172
9.383333	8574037	8781071
9.400000	8574000	8780959
9.416667	8573878	8780797
9.433333	8573882	8780599
9.450000	8573831	8780485
9.466667	8573740	8780328
9.483333	8573622	8780238
9.500000	8573641	8780042
9.516667	8573587	8779956
9.533333	8573541	8779786
9.550000	8573428	8779653
9.566667	8573405	8779563
9.583333	8573356	8779371
9.600000	8573259	8779278
9.616667	8573236	8779176
9.633333	8573179	8778997
9.650000	8573150	8778908
9.666667	8573057	8778754
9.683333	8572946	8778644
9.700000	8572921	8778492
9.716667	8572879	8778338
9.733333	8572802	8778209
9.750000	8572791	8778137
9.766667	8572725	8777985
9.783333	8572664	8777827
9.800000	8572615	8777762
9.816667	8572497	8777543
9.833333	8572522	8777460
9.850000	8572403	8777301
9.866667	8572379	8777164
9.883333	8572379	8777037
9.900000	8572254	8776904
9.916667	8572215	8776777
9.933333	8572106	8776637
9.950000	8572060	8776519
9.966667	8572011	8776379
9.983333	8571963	8776258
10.000000	8571948	8776152
10.016667	8571897	8776019
10.033333	8571813	8775885
10.050000	8571710	8775724
10.066667	8571697	8775594
10.083333	8571722	8775467
10.100000	8571641	8775325
10.116667	8571545	8775262
10.133333	8571518	8775087
10.150000	8571470	8775040
10.166667	8571401	8774914
10.183333	8571355	8774749
10.200000	8571323	8774541
10.216667	8571314	8774433
10.233333	8571194	8774330
10.250000	8571127	8774184
10.266667	8571123	8774089
10.283333	8571032	8773960
10.300000	8570999	8773832
10.316667	8570942	8773754
10.333333	8570825	8773578
10.350000	8570836	8773467
10.366667	8570813	8773308
10.383333	8570702	8773178
10.400000	8570668	8773074
10.416667	8570638	8772913
10.433333	8570575	8772812
10.450000	8570546	8772727
10.466667	8570442	8772624
10.483333	8570359	8772465
10.500000	8570314	8772413
10.516667	8570281	8772244
10.533333	8570209	8772168
10.550000	8570164	8772014
10.566667	8570120	8771842
10.583333	8570075	8771746
10.600000	8570023	8771670
10.616667	8569939	8771534
10.633333	8569900	8771364
10.650000	8569884	8771256
10.666667	8569826	8771156
10.683333	8569715	8771039
10.700000	8569720	8770872
10.716667	8569659	8770781
10.733333	8569604	8770683
10.750000	8569590	8770560
10.766667	8569535	8770479
10.783333	8569462	8770397
10.800000	8569414	8770205
10.816667	8569346	8770017
10.833333	8569366	8770005
10.850000	8569204	8769865
10.866667	8569236	8769684
10.883333	8569180	8769614
10.900000	8569123	8769477
10.916667	8569134	8769439
10.933333	8569029	8769311
10.950000	8569028	8769121
10.966667	8568920	8769010
10.983333	8568923	8768936
11.000000	8568854	8768829
11.016667	8568826	8768714
11.033333	8568753	8768578
11.050000	8568704	8768523
11.066667	8568628	8768395
11.083333	8568642	8768264
11.100000	8568521	8768099
11.116667	8568599	8768034
11.133333	8568497	8767945
11.150000	8568516	8767804
11.166667	8568475	8767688
11.183333	8568411	8767577
11.200000	8568320	8767436
11.216667	8568298	8767387
11.233333	8568245	8767238
11.250000	8568257	8767139
11.266667	8568179	8767057
11.283333	8568123	8766904
11.300000	8568066	8766808
11.316667	8568096	8766658
11.333333	8567992	8766617
11.350000	8567978	8766508
11.366667	8567898	8766318
11.383333	8567889	8766274
11.400000	8567808	8766130
11.416667	8567769	8766054
11.433333	8567765	8765871
11.450000	8567739	8765795
11.466667	8567671	8765733
11.483333	8567644	8765591
11.500000	8567539	8765482
11.516667	8567543	8765354
11.533333	8567431	8765240
11.550000	8567467	8765172
11.566667	8567420	8765003
11.583333	8567407	8764919
11.600000	8567309	8764837
11.616667	8567247	8764747
11.633333	8567253	8764595
11.650000	8567158	8764444
11.666667	8567194	8764374
11.683333	8567078	8764225
11.700000	8567010	8764176
11.716667	8567054	8764057
11.733333	8566973	8763935
11.750000	8566986	8763751
11.766667	8566857	8763697
11.783333	8566862	8763588
11.800000	8566829	8763486
11.816667	8566760	8763412
11.833333	8566740	8763297
11.850000	8566788	8763169
11.866667	8566697	8763149
11.883333	8566622	8762973
11.900000	8566645	8762897
11.916667	8566556	8762727
11.933333	8566560	8762694
11.950000	8566461	8762556
11.966667	8566498	8762417
11.983333	8566446	8762412
12.000000	8566360	8762282
12.016667	8566326	8762162
12.033333	8566364	8762054
12.050000	8566321	8761985
12.066667	8566229	8761838
12.083333	8566178	8761724
12.100000	8566192	8761661
12.116667	8566120	8761550
12.133333	8566142	8761444
12.150000	8566078	8761357
12.166667	8566004	8761209
12.183333	8565985	8761161
12.200000	8566026	8761007
12.216667	8565978	8761003
12.233333	8565909	8760846
12.250000	8565851	8760725
12.266667	8565858	8760632
12.283333	8565784	8760557
12.300000	8565848	8760391
12.316667	8565779	8760339
12.333333	8565735	8760269
12.350000	8565685	8760180
12.366667	8565695	8760080
12.383333	8565566	8759983
12.400000	8565635	8759883
12.416667	8565584	8759820
12.433333	8565614	8759647
12.450000	8565511	8759586
12.466667	8565486	8759469
12.483333	8565409	8759460
12.500000	8565476	8759313
12.516667	8565418	8759205
12.533333	8565357	8759116
12.550000	8565343	8759064
12.566667	8565345	8758963
12.583333	8565313	8758819
12.600000	8565242	8758762
12.616667	8565230	8758607
12.633333	8565224	8758528
12.650000	8565214	8758482
12.666667	8565130	8758348
12.683333	8565100	8758298
12.700000	8565073	8758214
12.716667	8565107	8758061
12.733333	8565051	8757973
12.750000	8564968	8757925
12.766667	8564995	8757835
12.783333	8565007	8757750
12.800000	8564941	8757612
12.816667	8564925	8757563
12.833333	8564892	8757461
12.850000	8564844	8757359
12.866667	8564865	8757282
12.883333	8564771	8757209
12.900000	8564794	8757118
12.916667	8564735	8756983
12.933333	8564697	8756912
12.950000	8564683	8756823
12.966667	8564690	8756818
12.983333	8564611	8756702
13.000000	8564634	8756618
13.016667	8564545	8756452
13.033333	8564597	8756408
13.050000	8564555	8756335
13.066667	8564476	8756227
13.083333	8564524	8756082
13.100000	8564498	8756045
13.116667	8564492	8755973
13.133333	8564422	8755917
13.150000	8564449	8755810
13.166667	8564445	8755639
13.183333	8564337	8755629
13.200000	8564352	8755515
13.216667	8564333	8755459
13.233333	8564299	8755358
13.250000	8564257	8755251
13.266667	8564219	8755226
13.283333	8564254	8755093
13.300000	8564132	8754983
13.316667	8564135	8754975
13.333333	8564129	8754867
13.350000	8564181	8754718
13.366667	8564117	8754696
13.383333	8564101	8754608
13.400000	8564113	8754497
13.416667	8564065	8754375
13.433333	8563999	8754274
13.450000	8564038	8754264
13.466667	8564012	8754173
13.483333	8563915	8754034
13.500000	8563939	8753990
13.516667	8563892	8753862
13.533333	8563912	8753803
13.550000	8563844	8753763
13.566667	8563840	8753622
13.583333	8563856	8753528
13.600000	8563847	8753431
13.616667	8563786	8753411
13.633333	8563793	8753337
13.650000	8563797	8753294
13.666667	8563767	8753199
13.683333	8563749	8753057
13.700000	8563656	8753021
13.716667	8563713	8752922
13.733333	8563699	8752873
13.750000	8563696	8752758
13.766667	8563654	8752703
13.783333	8563622	8752633
13.800000	8563607	8752494
13.816667	8563552	8752491
13.833333	8563546	8752340
13.850000	8563577	8752329
13.866667	8563512	8752273
13.883333	8563464	8752183
13.900000	8563524	8752069
13.916667	8563468	8752028
13.933333	8563452	8751958
13.950000	8563424	8751892
13.966667	8563400	8751756
13.983333	8563418	8751676
14.000000	8563410	8751639
14.016667	8563372	8751548
14.033333	8563349	8751414
14.050000	8563319	8751404
14.066667	8563310	8751319
14.083333	8563291	8751236
14.100000	8563265	8751173
14.116667	8563217	8751047
14.133333	8563278	8751038
14.150000	8563260	8750950
14.166667	8563214	8750821
14.183333	8563199	8750805
14.200000	8563252	8750733
14.216667	8563113	8750682
14.233333	8563197	8750516
14.250000	8563179	8750468
14.266667	8563075	8750388
14.283333	8563114	8750325
14.300000	8563104	8750271
14.316667	8563082	8750176
14.333333	8563059	8750121
14.350000	8563081	8750047
14.366667	8563079	8749955
14.383333	8562981	8749928
14.400000	8562989	8749813
14.416667	8562951	8749777
14.433333	8562938	8749699
14.450000	8562973	8749624
14.466667	8562930	8749513
14.483333	8562920	8749454
14.500000	8562935	8749424
14.516667	8562869	8749295
14.533333	8562867	8749260
14.550000	8562839	8749206
14.566667	8562838	8749136
14.583333	8562807	8749043
14.600000	8562814	8748928
14.616667	8562746	8748913
14.633333	8562856	8748811
14.650000	8562759	8748753
14.666667	8562750	8748676
14.683333	8562702	8748611
14.700000	8562772	8748534
14.716667	8562699	8748493
14.733333	8562711	8748422
14.750000	8562695	8748354
14.766667	8562679	8748280
14.783333	8562590	8748207
14.800000	8562622	8748156
14.816667	8562613	8748065
14.833333	8562648	8748043
14.850000	8562584	8747946
14.866667	8562616	8747853
14.883333	8562558	8747796
14.900000	8562619	8747666
14.916667	8562602	8747651
14.933333	8562517	8747568
14.950000	8562521	8747532
14.966667	8562484	8747464
14.983333	8562471	8747408
15.000000	8562487	8747292
15.016667	8562496	8747256
15.033333	8562507	8747188
15.050000	8562447	8747161
15.066667	8562439	8746971
15.083333	8562400	8747015
15.100000	8562459	8746853
15.116667	8562367	8746802
15.133333	8562430	8746742
15.150000	8562379	8746681
15.166667	8562344	8746619
15.183333	8562364	8746545
15.200000	8562356	8746497
15.216667	8562384	8746444
15.233333	8562335	8746360
15.250000	8562335	8746291
15.266667	8562339	8746260
15.283333	8562310	8746206
15.300000	8562283	8746128
15.316667	8562252	8746022
15.333333	8562289	8745954
15.350000	8562252	8745893
15.366667	8562166	8745814
15.383333	8562246	8745810
15.400000	8562210	8745744
15.416667	8562255	8745682
15.433333	8562197	8745567
15.450000	8562156	8745561
15.466667	8562197	8745455
15.483333	8562191	8745426
15.500000	8562182	8745294
15.516667	8562159	8745249
15.533333	8562139	8745206
15.550000	8562118	8745128
15.566667	8562154	8745113
15.583333	8562168	8745061
15.600000	8562061	8744949
15.616667	8562108	8744937
15.633333	8562110	8744891
15.650000	8562093	8744763
15.666667	8562086	8744670
15.683333	8562118	8744646
15.700000	8562048	8744625
15.716667	8562054	8744534
15.733333	8562048	8744499
15.750000	8562035	8744396
15.766667	8562080	8744309
15.783333	8562085	8744292
15.800000	8561971	8744188
15.816667	8561943	8744112
15.833333	8561957	8744101
15.850000	8561968	8744060
15.866667	8561969	8743975
15.883333	8561913	8743861
15.900000	8561999	8743822
15.916667	8561910	8743711
15.933333	8561989	8743699
15.950000	8561874	8743680
15.966667	8561899	8743579
15.983333	8561909	8743553
16.000000	8561870	8743468
16.016667	8561899	8743396
16.033333	8561917	8743385
16.050000	8561885	8743317
16.066667	8561827	8743226
16.083333	8561791	8743177
16.100000	8561868	8743083
16.116667	8561851	8743049
16.133333	8561872	8743027
16.150000	8561869	8742927
16.166667	8561845	8742853
16.183333	8561861	8742835
16.200000	8561792	8742773
16.216667	8561799	8742627
16.233333	8561785	8742607
16.250000	8561776	8742593
16.266667	8561733	8742491
16.283333	8561800	8742445
16.300000	8561776	8742428
16.316667	8561657	8742361
16.333333	8561724	8742303
16.350000	8561699	8742166
16.366667	8561754	8742124
16.383333	8561783	8742110
16.400000	8561778	8742003
16.416667	8561722	8742012
16.433333	8561703	8741928
16.450000	8561659	8741872
16.466667	8561657	8741803
16.483333	8561691	8741737
16.500000	8561581	8741726
16.516667	8561692	8741584
16.533333	8561652	8741574
16.550000	8561668	8741501
16.566667	8561613	8741475
16.583333	8561598	8741358
16.600000	8561623	8741355
16.616667	8561564	8741302
16.633333	8561599	8741244
16.650000	8561599	8741213
16.666667	8561584	8741080
16.683333	8561575	8741045
16.700000	8561563	8741001
16.716667	8561562	8740964
16.733333	8561589	8740861
16.750000	8561586	8740806
16.766667	8561539	8740762
16.783333	8561556	8740765
16.800000	8561516	8740617
16.816667	8561530	8740582
16.833333	8561501	8740576
16.850000	8561531	8740538
16.866667	8561534	8740417
16.883333	8561517	8740344
16.900000	8561482	8740322
16.916667	8561563	8740268
16.933333	8561538	8740229
16.950000	8561490	8740152
16.966667	8561518	8740109
16.983333	8561449	8740046
17.000000	8561436	8739985
17.016667	8561475	8739912
17.033333	8561473	8739901
17.050000	8561436	8739820
17.066667	8561418	8739847
17.083333	8561486	8739750
17.100000	8561403	8739737
17.116667	8561436	8739622
17.133333	8561488	8739550
17.150000	8561417	8739586
17.166667	8561465	8739448
17.183333	8561456	8739386
17.200000	8561437	8739364
17.216667	8561468	8739317
17.233333	8561476	8739214
17.250000	8561409	8739253
17.266667	8561385	8739115
17.283333	8561406	8739119
17.300000	8561400	8739057
17.316667	8561375	8739004
17.333333	8561445	8738889
17.350000	8561358	8738902
17.366667	8561365	8738791
17.383333	8561421	8738804
17.400000	8561401	8738721
17.416667	8561353	8738657
17.433333	8561334	8738604
17.450000	8561317	8738566
17.466667	8561309	8738480
17.483333	8561357	8738471
17.500000	8561337	8738405
17.516667	8561321	8738376
17.533333	8561348	8738293
17.550000	8561328	8738246
17.566667	8561343	8738229
17.583333	8561299	8738150
17.600000	8561302	8738103
17.616667	8561318	8738009
17.633333	8561297	8738000
17.650000	8561311	8737941
17.666667	8561316	8737930
17.683333	8561293	8737879
17.700000	8561303	8737823
17.716667	8561308	8737760
17.733333	8561239	8737740
17.750000	8561262	8737656
17.766667	8561213	8737594
17.783333	8561178	8737571
17.800000	8561225	8737463
17.816667	8561257	8737406
17.833333	8561233	8737358
17.850000	8561218	8737279
17.866667	8561217	8737276
17.883333	8561209	8737233
17.900000	8561222	8737200
17.916667	8561179	8737121
17.933333	8561190	8737124
17.950000	8561217	8737038
17.966667	8561140	8736975
17.983333	8561151	8737001
18.000000	8561192	8736854
18.016667	8561179	8736882
18.033333	8561261	8736770
18.050000	8561127	8736736
18.066667	8561174	8736700
18.083333	8561152	8736635
18.100000	8561159	8736634
18.116667	8561082	8736574
18.133333	8561161	8736492
18.150000	8561106	8736445
18.166667	8561199	8736404
18.183333	8561103	8736356
18.200000	8561139	8736285
18.216667	8561157	8736289
18.233333	8561109	8736210
18.250000	8561093	8736169
18.266667	8561138	8736169
18.283333	8561129	8736038
18.300000	8561090	8735967
18.316667	8561096	8735948
18.333333	8561081	8735915
18.350000	8561031	8735885
18.366667	8561115	8735833
18.383333	8561070	8735830
18.400000	8561120	8735739
18.416667	8561090	8735674
18.433333	8561101	8735695
18.450000	8561047	8735625
18.466667	8561123	8735505
18.483333	8561088	8735467
18.500000	8561079	8735425
18.516667	8561073	8735409
18.533333	8561076	8735353
18.550000	8561062	8735286
18.566667	8561027	8735238
18.583333	8561038	8735211
18.600000	8561063	8735197
18.616667	8561111	8735146
18.633333	8561053	8735027
18.650000	8561016	8735027
18.666667	8561016	8734973
18.683333	8561071	8734867
18.700000	8561032	8734912
18.716667	8561053	8734775
18.733333	8560985	8734810
18.750000	8561041	8734736
18.766667	8561061	8734688
18.783333	8561043	8734665
18.800000	8561038	8734606
18.816667	8561067	8734564
18.833333	8561066	8734535
18.850000	8560992	8734464
18.866667	8560986	8734412
18.883333	8561010	8734369
18.900000	8561035	8734383
18.916667	8560931	8734255
18.933333	8561009	8734230
18.950000	8560986	8734231
18.966667	8560967	8734198
18.983333	8560988	8734123
19.000000	8560909	8734072
19.016667	8561010	8734038
19.033333	8560963	8734002
19.050000	8560961	8733969
19.066667	8560947	8733877
19.083333	8560957	8733855
19.100000	8560930	8733794
19.116667	8560928	8733793
19.133333	8560958	8733706
19.150000	8560999	8733658
19.166667	8560935	8733588
19.183333	8560983	8733624
19.200000	8560899	8733576
19.216667	8560955	8733507
19.233333	8560909	8733492
19.250000	8560940	8733460
19.266667	8560895	8733383
19.283333	8560961	8733374
19.300000	8560916	8733301
19.316667	8560918	8733268
19.333333	8560882	8733170
19.350000	8560922	8733163
19.366667	8560900	8733124
19.383333	8560983	8733042
19.400000	8560969	8733054
19.416667	8560974	8733015
19.433333	8560922	8732963
19.450000	8560866	8732870
19.466667	8560963	8732847
19.483333	8560918	8732836
19.500000	8560997	8732761
19.516667	8560906	8732719
19.533333	8560939	8732694
19.550000	8560852	8732707
19.566667	8560913	8732584
19.583333	8560972	8732535
19.600000	8560954	8732504
19.616667	8560924	8732484
19.633333	8560939	8732479
19.650000	8560929	8732390
19.666667	8560852	8732336
19.683333	8560885	8732279
19.700000	8560840	8732259
19.716667	8560888	8732215
19.733333	8560910	8732190
19.750000	8560880	8732142
19.766667	8560911	8732101
19.783333	8560937	8732092
19.800000	8560861	8732044
19.816667	8560866	8731935
19.833333	8560902	8731948
19.850000	8560881	8731851
19.866667	8560825	8731820
19.883333	8560920	8731834
19.900000	8560890	8731715
19.916667	8560881	8731681
19.933333	8560856	8731700
19.950000	8560947	8731641
19.966667	8560834	8731564
19.983333	8560895	8731536
20.000000	8560866	8731478
20.016667	8560870	8731450
20.033333	8560831	8731364
20.050000	8560796	8731342
20.066667	8560851	8731281
20.083333	8560873	8731237
20.100000	8560865	8731250
20.116667	8560793	8731197
20.133333	8560795	8731168
20.150000	8560771	8731099
20.166667	8560779	8731012
20.183333	8560837	8731031
20.200000	8560791	8731010
20.216667	8560805	8730921
20.233333	8560815	8730844
20.250000	8560807	8730801
20.266667	8560802	8730820
20.283333	8560806	8730787
20.300000	8560855	8730700
20.316667	8560769	8730655
20.333333	8560794	8730603
20.350000	8560788	8730543
20.366667	8560767	8730491
20.383333	8560774	8730435
20.400000	8560725	8730433
20.416667	8560776	8730370
20.433333	8560755	8730342
20.450000	8560657	8730288
20.466667	8560724	8730262
20.483333	8560688	8730174
20.500000	8560797	8730185
20.516667	8560747	8730089
20.533333	8560710	8730071
20.550000	8560667	8730004
20.566667	8560611	8729996
20.583333	8560621	8729922
20.600000	8560645	8729908
20.616667	8560687	8729822
20.633333	8560623	8729782
20.650000	8560574	8729769
20.666667	8560593	8729685
20.683333	8560638	8729680
20.700000	8560667	8729591
20.716667	8560630	8729634
20.733333	8560617	8729467
20.750000	8560573	8729466
20.766667	8560595	8729446
20.783333	8560578	8729385
20.800000	8560574	8729374
20.816667	8560550	8729351
20.833333	8560498	8729304
20.850000	8560582	8729227
20.866667	8560496	8729189
20.883333	8560488	8729186
20.900000	8560553	8729089
20.916667	8560502	8729051
20.933333	8560537	8728993
20.950000	8560488	8728950
20.966667	8560515	8728905
20.983333	8560464	8728922
21.000000	8560550	8728861
21.016667	8560521	8728793
21.033333	8560501	8728734
21.050000	8560487	8728747
21.066667	8560470	8728651
21.083333	8560387	8728608
21.100000	8560497	8728590
21.116667	8560397	8728554
21.133333	8560433	8728497
21.150000	8560446	8728454
21.166667	8560393	8728434
21.183333	8560361	8728406
21.200000	8560427	8728362
21.216667	8560357	8728334
21.233333	8560343	8728275
21.250000	8560409	8728227
21.266667	8560415	8728252
21.283333	8560382	8728242
21.300000	8560415	8728134
21.316667	8560417	8728171
21.333333	8560353	8728089
21.350000	8560357	8728026
21.366667	8560412	8728071
21.383333	8560426	8727979
21.400000	8560362	8727919
21.416667	8560455	8727913
21.433333	8560414	8727886
21.450000	8560441	8727837
21.466667	8560409	8727802
21.483333	8560319	8727726
21.500000	8560398	8727754
21.516667	8560374	8727644
21.533333	8560423	8727671
21.550000	8560442	8727653
21.566667	8560353	8727605
21.583333	8560410	8727540
21.600000	8560392	8727526
21.616667	8560442	8727424
21.633333	8560450	8727417
21.650000	8560416	8727419
21.666667	8560418	8727346
21.683333	8560323	8727276
21.700000	8560397	8727280
21.716667	8560395	8727226
21.733333	8560334	8727260
21.750000	8560357	8727157
21.766667	8560412	8727104
21.783333	8560325	8727099
21.800000	8560370	8727128
21.816667	8560392	8727018
21.833333	8560333	8727044
21.850000	8560361	8726936
21.866667	8560317	8726908
21.883333	8560331	8726845
21.900000	8560308	8726834
21.916667	8560321	8726826
21.933333	8560359	8726726
21.950000	8560327	8726726
21.966667	8560368	8726763
21.983333	8560358	8726659
22.000000	8560327	8726659
22.016667	8560350	8726636
22.033333	8560280	8726538
22.050000	8560290	8726544
22.066667	8560296	8726513
22.083333	8560336	8726434
22.100000	8560316	8726404
22.116667	8560347	8726399
22.133333	8560327	8726295
22.150000	8560318	8726309
22.166667	8560329	8726317
22.183333	8560266	8726254
22.200000	8560282	8726235
22.216667	8560230	8726254
22.233333	8560291	8726164
22.250000	8560316	8726159
22.266667	8560283	8726164
22.283333	8560259	8726013
22.300000	8560273	8726019
22.316667	8560264	8726075
22.333333	8560263	8726050
22.350000	8560252	8726002
22.366667	8560235	8725938
22.383333	8560239	8725947
22.400000	8560274	8725885
22.416667	8560228	8725896
22.433333	8560288	8725863
22.450000	8560323	8725835
22.466667	8560260	8725839
22.483333	8560281	8725810
22.500000	8560243	8725734
22.516667	8560307	8725729
22.533333	8560291	8725701
22.550000	8560290	8725631
22.566667	8560321	8725629
22.583333	8560271	8725703
22.600000	8560309	8725601
22.616667	8560290	8725573
22.633333	8560347	8725574
22.650000	8560344	8725507
22.666667	8560297	8725479
22.683333	8560284	8725396
22.700000	8560216	8725377
22.716667	8560267	8725378
22.733333	8560321	8725300
22.750000	8560264	8725331
22.766667	8560352	8725331
22.783333	8560224	8725292
22.800000	8560330	8725270
22.816667	8560350	8725212
22.833333	8560309	8725251
22.850000	8560287	8725136
22.866667	8560311	8725173
22.883333	8560265	8725135
22.900000	8560245	8725105
22.916667	8560295	8725063
22.933333	8560295	8725085
22.950000	8560245	8725033
22.966667	8560309	8725036
22.983333	8560284	8724988
23.000000	8560256	8725027
23.016667	8560266	8724926
23.033333	8560241	8724910
23.050000	8560301	8724822
23.066667	8560297	8724868
23.083333	8560281	8724820
23.100000	8560335	8724766
23.116667	8560257	8724710
23.133333	8560321	8724776
23.150000	8560321	8724737
23.166667	8560258	8724749
23.183333	8560267	8724659
23.200000	8560267	8724655
23.216667	8560333	8724624
23.233333	8560292	8724604
23.250000	8560321	8724550
23.266667	8560287	8724518
23.283333	8560327	8724467
23.300000	8560313	8724528
23.316667	8560330	8724462
23.333333	8560324	8724476
23.350000	8560318	8724485
23.366667	8560301	8724416
23.383333	8560334	8724395
23.400000	8560312	8724373
23.416667	8560400	8724335
23.433333	8560276	8724340
23.450000	8560325	8724294
23.466667	8560370	8724284
23.483333	8560313	8724249
23.500000	8560339	8724212
23.516667	8560281	8724252
23.533333	8560323	8724177
23.550000	8560308	8724125
23.566667	8560318	8724100
23.583333	8560377	8724129
23.600000	8560372	8724051
23.616667	8560382	8724066
23.633333	8560346	8723995
23.650000	8560364	8723987
23.666667	8560360	8723992
23.683333	8560305	8723923
23.700000	8560382	8723933
23.716667	8560368	8723889
23.733333	8560319	8723898
23.750000	8560410	8723853
23.766667	8560306	8723842
23.783333	8560400	8723778
23.800000	8560355	8723764
23.816667	8560379	8723754
23.833333	8560330	8723753
23.850000	8560387	8723744
23.866667	8560384	8723703
23.883333	8560342	8723651
23.900000	8560391	8723632
23.916667	8560389	8723620
23.933333	8560445	8723618
23.950000	8560367	8723578
23.966667	8560376	8723561
23.983333	8560413	8723540
24.000000	8560412	8723486
24.016667	8560361	8723490
24.033333	8560406	8723425
24.050000	8560381	8723353
24.066667	8560394	8723463
24.083333	8560352	8723371
24.100000	8560427	8723397
24.116667	8560457	8723333
24.133333	8560422	8723286
24.150000	8560363	8723342
24.166667	8560449	8723291
24.183333	8560369	8723219
24.200000	8560391	8723249
24.216667	8560464	8723204
24.233333	8560462	8723142
24.250000	8560441	8723181
24.266667	8560451	8723117
24.283333	8560376	8723092
24.300000	8560413	8723081
24.316667	8560412	8723075
24.333333	8560413	8723052
24.350000	8560444	8722983
24.366667	8560474	8722963
24.383333	8560377	8722944
24.400000	8560483	8722940
24.416667	8560458	8722856
24.433333	8560458	8722822
24.450000	8560425	8722834
24.466667	8560399	8722863
24.483333	8560462	8722833
24.500000	8560453	8722743
24.516667	8560411	8722762
24.533333	8560484	8722737
24.550000	8560457	8722675
24.566667	8560493	8722697
24.583333	8560467	8722687
24.600000	8560440	8722648
24.616667	8560440	8722606
24.633333	8560416	8722576
24.650000	8560502	8722625
24.666667	8560478	8722616
24.683333	8560475	8722528
24.700000	8560445	8722454
24.716667	8560506	8722428
24.733333	8560449	8722451
24.750000	8560448	8722479
24.766667	8560516	8722463
24.783333	8560389	8722397
24.800000	8560511	8722408
24.816667	8560501	8722327
24.833333	8560476	8722349
24.850000	8560440	8722311
24.866667	8560487	8722296
24.883333	8560470	8722319
24.900000	8560465	8722265
24.916667	8560517	8722220
24.933333	8560456	8722209
24.950000	8560432	8722218
24.966667	8560486	8722118
24.983333	8560443	8722128
25.000000	8560459	8722122
25.016667	8560473	8722089
25.033333	8560512	8722134
25.050000	8560518	8722038
25.066667	8560527	8721983
25.083333	8560473	8721979
25.100000	8560558	8722032
25.116667	8560507	8722027
25.133333	8560525	8721983
25.150000	8560520	8721915
25.166667	8560477	8721887
25.183333	8560564	8721894
25.200000	8560517	8721921
25.216667	8560507	8721843
25.233333	8560470	8721839
25.250000	8560549	8721830
25.266667	8560540	8721802
25.283333	8560522	8721773
25.300000	8560474	8721809
25.316667	8560524	8721756
25.333333	8560505	8721726
25.350000	8560480	8721711
25.366667	8560553	8721695
25.383333	8560535	8721698
25.400000	8560527	8721693
25.416667	8560546	8721611
25.433333	8560491	8721668
25.450000	8560569	8721573
25.466667	8560531	8721579
25.483333	8560555	8721536
25.500000	8560548	8721565
25.516667	8560535	8721600
25.533333	8560491	8721535
25.550000	8560612	8721466
25.566667	8560609	8721463
25.583333	8560604	8721463
25.600000	8560522	8721394
25.616667	8560531	8721384
25.633333	8560597	8721433
25.650000	8560622	8721375
25.666667	8560574	8721349
25.683333	8560587	8721306
25.700000	8560640	8721321
25.716667	8560623	8721289
25.733333	8560601	8721256
25.750000	8560661	8721247
25.766667	8560589	8721303
25.783333	8560640	8721213
25.800000	8560647	8721209
25.816667	8560618	8721186
25.833333	8560627	8721177
25.850000	8560610	8721123
25.866667	8560622	8721158
25.883333	8560633	8721107
25.900000	8560626	8721125
25.916667	8560634	8721081
25.933333	8560660	8721109
25.950000	8560621	8721054
25.966667	8560676	8721032
25.983333	8560607	8721021
26.000000	8560613	8721022
26.016667	8560661	8721039
26.033333	8560636	8720976
26.050000	8560672	8720949
26.066667	8560716	8720926
26.083333	8560657	8720908
26.100000	8560602	8720901
26.116667	8560638	8720934
26.133333	8560629	8720941
26.150000	8560655	8720895
26.166667	8560647	8720924
26.183333	8560676	8720884
26.200000	8560551	8720935
26.216667	8560663	8720808
26.233333	8560696	8720857
26.250000	8560660	8720828
26.266667	8560684	8720828
26.283333	8560736	8720841
26.300000	8560688	8720815
26.316667	8560654	8720788
26.333333	8560674	8720766
26.350000	8560715	8720784
26.366667	8560738	8720743
26.383333	8560700	8720744
26.400000	8560708	8720692
26.416667	8560703	8720690
26.433333	8560721	8720653
26.450000	8560738	8720637
26.466667	8560748	8720663
26.483333	8560713	8720653
26.500000	8560694	8720635
26.516667	8560713	8720600
26.533333	8560755	8720539
26.550000	8560735	8720640
26.566667	8560745	8720541
26.583333	8560773	8720560
26.600000	8560794	8720574
26.616667	8560795	8720461
26.633333	8560775	8720534
26.650000	8560700	8720497
26.666667	8560797	8720414
26.683333	8560791	8720439
26.700000	8560809	8720412
26.716667	8560778	8720390
26.733333	8560750	8720425
26.750000	8560794	8720365
26.766667	8560793	8720388
26.783333	8560793	8720364
26.800000	8560837	8720336
26.816667	8560832	8720345
26.833333	8560766	8720329
26.850000	8560765	8720295
26.866667	8560817	8720326
26.883333	8560918	8720275
26.900000	8560769	8720225
26.916667	8560795	8720241
26.933333	8560846	8720259
26.950000	8560807	8720273
26.966667	8560842	8720204
26.983333	8560860	8720203
27.000000	8560874	8720201
27.016667	8560868	8720192
27.033333	8560855	8720121
27.050000	8560837	8720102
27.066667	8560903	8720134
27.083333	8560856	8720144
27.100000	8560833	8720061
27.116667	8560876	8720094
27.133333	8560885	8720110
27.150000	8560893	8720044
27.166667	8560932	8720020
27.183333	8560906	8719984
27.200000	8560911	8720029
27.216667	8560938	8719987
27.233333	8560883	8719966
27.250000	8560875	8719961
27.266667	8560921	8719973
27.283333	8560919	8719963
27.300000	8560945	8719918
27.316667	8560976	8719915
27.333333	8560989	8719887
27.350000	8560936	8719862
27.366667	8560924	8719805
27.383333	8560934	8719865
27.400000	8560901	8719779
27.416667	8560959	8719806
27.433333	8560906	8719836
27.450000	8560963	8719820
27.466667	8560952	8719775
27.483333	8561005	8719797
27.500000	8560999	8719760
27.516667	8560979	8719741
27.533333	8560955	8719704
27.550000	8560975	8719727
27.566667	8560919	8719777
27.583333	8561004	8719737
27.600000	8561007	8719730
27.616667	8561074	8719711
27.633333	8560983	8719687
27.650000	8561024	8719673
27.666667	8561046	8719696
27.683333	8560990	8719689
27.700000	8561005	8719615
27.716667	8561093	8719657
27.733333	8561082	8719717
27.750000	8561008	8719690
27.766667	8561070	8719655
27.783333	8561092	8719700
27.800000	8561056	8719650
27.816667	8561126	8719589
27.833333	8561037	8719599
27.850000	8561096	8719599
27.866667	8561119	8719554
27.883333	8561063	8719562
27.900000	8561123	8719528
27.916667	8561046	8719580
27.933333	8561130	8719540
27.950000	8561135	8719550
27.966667	8561129	8719542
27.983333	8561176	8719509
28.000000	8561092	8719510
28.016667	8561151	8719513
28.033333	8561132	8719466
28.050000	8561162	8719459
28.066667	8561149	8719463
28.083333	8561131	8719439
28.100000	8561217	8719365
28.116667	8561156	8719462
28.133333	8561117	8719380
28.150000	8561216	8719391
28.166667	8561183	8719402
28.183333	8561162	8719336
28.200000	8561162	8719378
28.216667	8561135	8719317
28.233333	8561175	8719292
28.250000	8561212	8719354
28.266667	8561182	8719275
28.283333	8561255	8719291
28.300000	8561255	8719295
28.316667	8561180	8719238
28.333333	8561211	8719278
28.350000	8561173	8719235
28.366667	8561196	8719242
28.383333	8561183	8719232
28.400000	8561210	8719181
28.416667	8561178	8719181
28.433333	8561196	8719144
28.450000	8561184	8719159
28.466667	8561159	8719157
28.483333	8561232	8719178
28.500000	8561200	8719165
28.516667	8561218	8719132
28.533333	8561156	8719105
28.550000	8561185	8719074
28.566667	8561237	8719092
28.583333	8561259	8719066
28.600000	8561265	8719068
28.616667	8561214	8719016
28.633333	8561211	8719017
28.650000	8561287	8718991
28.666667	8561233	8718981
28.683333	8561234	8718982
28.700000	8561244	8718933
28.716667	8561197	8718979
28.733333	8561117	8718967
28.750000	8561213	8718909
28.766667	8561231	8718930
28.783333	8561203	8718882
28.800000	8561205	8718909
28.816667	8561231	8718900
28.833333	8561196	8718894
28.850000	8561233	8718877
28.866667	8561199	8718893
28.883333	8561210	8718855
28.900000	8561215	8718820
28.916667	8561252	8718871
28.933333	8561238	8718766
28.950000	8561232	8718747
28.966667	8561167	8718731
28.983333	8561192	8718777
29.000000	8561144	8718798
29.016667	8561143	8718738
29.033333	8561145	8718691
29.050000	8561150	8718726
29.066667	8561212	8718721
29.083333	8561155	8718680
29.100000	8561157	8718721
29.116667	8561149	8718651
29.133333	8561195	8718638
29.150000	8561162	8718616
29.166667	8561089	8718612
29.183333	8561076	8718573
29.200000	8561158	8718585
29.216667	8561083	8718574
29.233333	8561110	8718515
29.250000	8561107	8718502
29.266667	8561115	8718482
29.283333	8561041	8718543
29.300000	8561077	8718481
29.316667	8561063	8718398
29.333333	8561057	8718464
29.350000	8561082	8718437
29.366667	8561102	8718391
29.383333	8560996	8718432
29.400000	8561099	8718409
29.416667	8561013	8718397
29.433333	8561015	8718410
29.450000	8561085	8718353
29.466667	8561146	8718385
29.483333	8561079	8718339
29.500000	8561071	8718336
29.516667	8561098	8718327
29.533333	8561038	8718327
29.550000	8561027	8718313
29.566667	8561053	8718304
29.583333	8561049	8718265
29.600000	8561060	8718280
29.616667	8561123	8718272
29.633333	8561014	8718243
29.650000	8561080	8718199
29.666667	8561077	8718141
29.683333	8560984	8718173
29.700000	8561062	8718205
29.716667	8561023	8718180
29.733333	8560978	8718141
29.750000	8561004	8718171
29.766667	8561064	8718109
29.783333	8560990	8718066
29.800000	8560949	8718013
29.816667	8560946	8718081
29.833333	8561021	8718033
29.850000	8560994	8718026
29.866667	8560970	8718008
29.883333	8561021	8718002
29.900000	8560978	8718005
29.916667	8561007	8718038
29.933333	8561019	8717999
29.950000	8561047	8717946
29.966667	8561003	8717950
29.983333	8560995	8717940
30.000000	8561051	8717882
30.016667	8561047	8717900
30.033333	8560964	8717941
30.050000	8561018	8717940
30.066667	8560999	8717920
30.083333	8560941	8717793
30.100000	8561008	8717835
30.116667	8560944	8717843
30.133333	8560993	8717819
30.150000	8561001	8717785
30.166667	8560984	8717807
30.183333	8561018	8717740
30.200000	8560923	8717807
30.216667	8560952	8717745
30.233333	8560977	8717732
30.250000	8561000	8717767
30.266667	8560948	8717709
30.283333	8560908	8717747
30.300000	8560983	8717713
30.316667	8560967	8717699
30.333333	8560937	8717700
30.350000	8560944	8717616
30.366667	8560968	8717611
30.383333	8561011	8717631
30.400000	8560936	8717628
30.416667	8560983	8717638
30.433333	8560924	8717537
30.450000	8560936	8717569
30.466667	8560959	8717519
30.483333	8560948	8717544
30.500000	8560914	8717501
30.516667	8560952	8717494
30.533333	8560920	8717442
30.550000	8560967	8717433
30.566667	8560890	8717473
30.583333	8560921	8717405
30.600000	8560903	8717405
30.616667	8560902	8717435
30.633333	8560874	8717444
30.650000	8560912	8717388
30.666667	8560851	8717341
30.683333	8560849	8717330
30.700000	8560883	8717317
30.716667	8560903	8717307
30.733333	8560823	8717352
30.750000	8560889	8717297
30.766667	8560825	8717282
30.783333	8560827	8717222
30.800000	8560859	8717257
30.816667	8560811	8717231
30.833333	8560832	8717236
30.850000	8560826	8717166
30.866667	8560797	8717197
30.883333	8560742	8717132
30.900000	8560809	8717187
30.916667	8560757	8717143
30.933333	8560820	8717092
30.950000	8560748	8717117
30.966667	8560831	8717067
30.983333	8560813	8717041
31.000000	8560817	8717109
31.016667	8560737	8717034
31.033333	8560787	8717029
31.050000	8560753	8717018
31.066667	8560801	8716978
31.083333	8560745	8716954
31.100000	8560775	8716901
31.116667	8560755	8716950
31.133333	8560786	8716904
31.150000	8560744	8716878
31.166667	8560672	8716882
31.183333	8560692	8716884
31.200000	8560682	8716892
31.216667	8560782	8716876
31.233333	8560734	8716909
31.250000	8560735	8716822
31.266667	8560715	8716879
31.283333	8560679	8716843
31.300000	8560718	8716810
31.316667	8560718	8716785
31.333333	8560685	8716848
31.350000	8560652	8716746
31.366667	8560747	8716786
31.383333	8560746	8716723
31.400000	8560712	8716703
31.416667	8560711	8716721
31.433333	8560767	8716715
31.450000	8560751	8716638
31.466667	8560736	8716648
31.483333	8560689	8716657
31.500000	8560682	8716570
31.516667	8560737	8716621
31.533333	8560647	8716607
31.550000	8560674	8716540
31.566667	8560629	8716563
31.583333	8560746	8716600
31.600000	8560704	8716528
31.616667	8560728	8716547
31.633333	8560753	8716492
31.650000	8560694	8716522
31.666667	8560673	8716523
31.683333	8560632	8716493
31.700000	8560688	8716452
31.716667	8560683	8716500
31.733333	8560685	8716463
31.750000	8560656	8716488
31.766667	8560626	8716416
31.783333	8560647	8716389
31.800000	8560673	8716381
31.816667	8560595	8716335
31.833333	8560552	8716350
31.850000	8560628	8716382
31.866667	8560601	8716302
31.883333	8560564	8716294
31.900000	8560595	8716293
31.916667	8560600	8716300
31.933333	8560612	8716279
31.950000	8560578	8716225
31.966667	8560574	8716233
31.983333	8560491	8716235
32.000000	8560606	8716228
32.016667	8560583	8716183
32.033333	8560591	8716169
32.050000	8560543	8716159
32.066667	8560574	8716148
32.083333	8560562	8716146
32.100000	8560562	8716091
32.116667	8560541	8716079
32.133333	8560563	8716149
32.150000	8560555	8716095
32.166667	8560563	8716106
32.183333	8560572	8716076
32.200000	8560525	8716033
32.216667	8560528	8716020
32.233333	8560540	8716077
32.250000	8560543	8715989
32.266667	8560521	8716009
32.283333	8560550	8715933
32.300000	8560506	8715940
32.316667	8560560	8715989
32.333333	8560580	8715931
32.350000	8560563	8715917
32.366667	8560613	8715922
32.383333	8560498	8715948
32.400000	8560549	8715861
32.416667	8560560	8715861
32.433333	8560508	8715883
32.450000	8560549	8715857
32.466667	8560535	8715782
32.483333	8560558	8715832
32.500000	8560459	8715829
32.516667	8560439	8715760
32.533333	8560517	8715800
32.550000	8560451	8715708
32.566667	8560454	8715698
32.583333	8560499	8715719
32.600000	8560495	8715710
32.616667	8560513	8715722
32.633333	8560513	8715728
32.650000	8560472	8715704
32.666667	8560461	8715672
32.683333	8560490	8715685
32.700000	8560468	8715688
32.716667	8560478	8715670
32.733333	8560399	8715639
32.750000	8560470	8715652
32.766667	8560464	8715539
32.783333	8560427	8715552
32.800000	8560434	8715636
32.816667	8560422	8715508
32.833333	8560406	8715564
32.850000	8560447	8715560
32.866667	8560468	8715582
32.883333	8560428	8715507
32.900000	8560376	8715532
32.916667	8560443	8715476
32.933333	8560410	8715474
32.950000	8560392	8715440
32.966667	8560442	8715482
32.983333	8560382	8715425
33.000000	8560409	8715446
33.016667	8560485	8715408
33.033333	8560508	8715430
33.050000	8560375	8715418
33.066667	8560519	8715327
33.083333	8560446	8715360
33.100000	8560424	8715333
33.116667	8560375	8715330
33.133333	8560397	8715303
33.150000	8560480	8715345
33.166667	8560472	8715339
33.183333	8560415	8715300
33.200000	8560424	8715302
33.216667	8560456	8715310
33.233333	8560408	8715273
33.250000	8560441	8715285
33.266667	8560428	8715248
33.283333	8560520	8715246
33.300000	8560420	8715193
33.316667	8560419	8715218
33.333333	8560454	8715241
33.350000	8560415	8715177
33.366667	8560434	8715247
33.383333	8560461	8715214
33.400000	8560438	8715186
33.416667	8560458	8715190
33.433333	8560458	8715112
33.450000	8560369	8715177
33.466667	8560392	8715158
33.483333	8560413	8715151
33.500000	8560444	8715122
33.516667	8560383	8715161
33.533333	8560436	8715175
33.550000	8560406	8715140
33.566667	8560355	8715163
33.583333	8560320	8715162
33.600000	8560441	8715134
33.616667	8560445	8715131
33.633333	8560402	8715084
33.650000	8560416	8715074
33.666667	8560390	8715058
33.683333	8560364	8715064
33.700000	8560397	8715054
33.716667	8560463	8715067
33.733333	8560416	8715031
33.750000	8560378	8715069
33.766667	8560416	8715103
33.783333	8560475	8715021
33.800000	8560458	8715116
33.816667	8560429	8715017
33.833333	8560436	8714981
33.850000	8560408	8715030
33.866667	8560393	8714968
33.883333	8560465	8714997
33.900000	8560405	8715004
33.916667	8560475	8715016
33.933333	8560367	8714964
33.950000	8560440	8715004
33.966667	8560421	8714953
33.983333	8560444	8714929
34.000000	8560451	8714892
34.016667	8560489	8714925
34.033333	8560445	8714920
34.050000	8560393	8714985
34.066667	8560372	8714851
34.083333	8560403	8714925
34.100000	8560406	8714822
34.116667	8560434	8714798
34.133333	8560424	8714816
34.150000	8560431	8714809
34.166667	8560395	8714828
34.183333	8560397	8714876
34.200000	8560435	8714776
34.216667	8560407	8714822
34.233333	8560431	8714748
34.250000	8560435	8714753
34.266667	8560486	8714786
34.283333	8560384	8714694
34.300000	8560402	8714708
34.316667	8560438	8714717
34.333333	8560410	8714715
34.350000	8560409	8714731
34.366667	8560428	8714689
34.383333	8560377	8714711
34.400000	8560408	8714643
34.416667	8560374	8714687
34.433333	8560358	8714680
34.450000	8560409	8714674
34.466667	8560436	8714634
34.483333	8560421	8714591
34.500000	8560410	8714628
34.516667	8560394	8714632
34.533333	8560426	8714550
34.550000	8560367	8714543
34.566667	8560380	8714604
34.583333	8560386	8714559
34.600000	8560372	8714487
34.616667	8560351	8714530
34.633333	8560370	8714531
34.650000	8560341	8714520
34.666667	8560305	8714499
34.683333	8560344	8714493
34.700000	8560347	8714447
34.716667	8560340	8714374
34.733333	8560378	8714446
34.750000	8560396	8714425
34.766667	8560295	8714433
34.783333	8560381	8714432
34.800000	8560398	8714430
34.816667	8560362	8714348
34.833333	8560369	8714363
34.850000	8560369	8714352
34.866667	8560340	8714348
34.883333	8560311	8714310
34.900000	8560335	8714354
34.916667	8560367	8714297
34.933333	8560273	8714316
34.950000	8560379	8714260
34.966667	8560332	8714242
34.983333	8560299	8714309
35.000000	8560388	8714279
35.016667	8560333	8714260
35.033333	8560341	8714225
35.050000	8560350	8714251
35.066667	8560312	8714239
35.083333	8560286	8714201
35.100000	8560293	8714231
35.116667	8560278	8714167
35.133333	8560321	8714188
35.150000	8560273	8714127
35.166667	8560249	8714205
35.183333	8560343	8714226
35.200000	8560331	8714135
35.216667	8560286	8714165
35.233333	8560266	8714107
35.250000	8560263	8714134
35.266667	8560243	8714145
35.283333	8560252	8714094
35.300000	8560205	8714159
35.316667	8560233	8714144
35.333333	8560216	8714089
35.350000	8560234	8714103
35.366667	8560236	8714117
35.383333	8560309	8714093
35.400000	8560244	8714083
35.416667	8560196	8714071
35.433333	8560241	8714033
35.450000	8560223	8714092
35.466667	8560260	8714064
35.483333	8560224	8714041
35.500000	8560264	8714067
35.516667	8560221	8714040
35.533333	8560244	8714059
35.550000	8560253	8713973
35.566667	8560155	8714003
35.583333	8560225	8713982
35.600000	8560294	8713950
35.616667	8560215	8713979
35.633333	8560176	8713948
35.650000	8560214	8713999
35.666667	8560257	8713877
35.683333	8560260	8713951
35.700000	8560191	8713910
35.716667	8560278	8713939
35.733333	8560226	8713903
35.750000	8560235	8713962
35.766667	8560273	8713887
35.783333	8560262	8713862
35.800000	8560247	8713883
35.816667	8560233	8713863
35.833333	8560262	8713865
35.850000	8560275	8713875
35.866667	8560139	8713865
35.883333	8560202	8713836
35.900000	8560254	8713863
35.916667	8560179	8713827
35.933333	8560196	8713852
35.950000	8560242	8713812
35.966667	8560172	8713804
35.983333	8560310	8713753
36.000000	8560282	8713741
36.016667	8560265	8713809
36.033333	8560230	8713719
36.050000	8560244	8713795
36.066667	8560184	8713717
36.083333	8560282	8713744
36.100000	8560181	8713730
36.116667	8560191	8713732
36.133333	8560208	8713733
36.150000	8560182	8713703
36.166667	8560186	8713685
36.183333	8560252	8713627
36.200000	8560208	8713700
36.216667	8560175	8713675
36.233333	8560193	8713662
36.250000	8560174	8713719
36.266667	8560183	8713636
36.283333	8560155	8713674
36.300000	8560149	8713647
36.316667	8560203	8713675
36.333333	8560183	8713642
36.350000	8560217	8713631
36.366667	8560208	8713702
36.383333	8560227	8713628
36.400000	8560123	8713598
36.416667	8560209	8713609
36.433333	8560197	8713602
36.450000	8560146	8713592
36.466667	8560179	8713543
36.483333	8560146	8713580
36.500000	8560188	8713609
36.516667	8560232	8713561
36.533333	8560160	8713528
36.550000	8560184	8713526
36.566667	8560157	8713550
36.583333	8560184	8713513
36.600000	8560190	8713528
36.616667	8560117	8713546
36.633333	8560189	8713571
36.650000	8560143	8713514
36.666667	8560165	8713444
36.683333	8560126	8713487
36.700000	8560194	8713514
36.716667	8560102	8713488
36.733333	8560141	8713497
36.750000	8560136	8713538
36.766667	8560100	8713455
36.783333	8560068	8713532
36.800000	8560137	8713487
36.816667	8560098	8713475
36.833333	8560076	8713517
36.850000	8560073	8713479
36.866667	8560136	8713535
36.883333	8560096	8713533
36.900000	8560122	8713495
36.916667	8560073	8713383
36.933333	8560056	8713453
36.950000	8560101	8713413
36.966667	8560106	8713475
36.983333	8560101	8713452
37.000000	8560060	8713391
37.016667	8560083	8713460
37.033333	8560089	8713369
37.050000	8560126	8713388
37.066667	8560101	8713419
37.083333	8560112	8713392
37.100000	8560056	8713409
37.116667	8560115	8713375
37.133333	8560118	8713324
37.150000	8560085	8713397
37.166667	8560075	8713386
37.183333	8560086	8713431
37.200000	8560073	8713332
37.216667	8560036	8713371
37.233333	8560042	8713354
37.250000	8560072	8713309
37.266667	8560040	8713292
37.283333	8560111	8713302
37.300000	8559961	8713312
37.316667	8560094	8713274
37.333333	8560009	8713259
37.350000	8560091	8713229
37.366667	8560066	8713249
37.383333	8560065	8713227
37.400000	8560046	8713236
37.416667	8560067	8713204
37.433333	8560046	8713225
37.450000	8559964	8713222
37.466667	8560025	8713179
37.483333	8560059	8713194
37.500000	8559939	8713151
37.516667	8560011	8713134
37.533333	8560016	8713181
37.550000	8560038	8713115
37.566667	8559980	8713100
37.583333	8560008	8713119
37.600000	8560002	8713129
37.616667	8560057	8713099
37.633333	8560039	8713111
37.650000	8559975	8713071
37.666667	8560002	8713089
37.683333	8560000	8713087
37.700000	8560030	8713026
37.716667	8559983	8713076
37.733333	8560011	8713023
37.750000	8560057	8713066
37.766667	8559959	8713069
37.783333	8559964	8713073
37.800000	8559993	8713007
37.816667	8559996	8713004
37.833333	8559985	8712992
37.850000	8559960	8713005
37.866667	8559975	8712957
37.883333	8559998	8712975
37.900000	8559972	8712929
37.916667	8559922	8712941
37.933333	8559908	8712945
37.950000	8559965	8712911
37.966667	8559968	8712983
37.983333	8559984	8712989
38.000000	8559981	8712978
38.016667	8559954	8712960
38.033333	8559928	8712885
38.050000	8559931	8712871
38.066667	8560020	8712933
38.083333	8559960	8712936
38.100000	8559937	8712891
38.116667	8559991	8712894
38.133333	8559908	8712861
38.150000	8559896	8712869
38.166667	8559976	8712883
38.183333	8559874	8712844
38.200000	8559972	8712855
38.216667	8559923	8712864
38.233333	8559959	8712883
38.250000	8559938	8712847
38.266667	8559988	8712870
38.283333	8559887	8712807
38.300000	8559952	8712868
38.316667	8559941	8712827
38.333333	8559937	8712830
38.350000	8559964	8712814
38.366667	8559990	8712833
38.383333	8560013	8712795
38.400000	8559917	8712741
38.416667	8559922	8712795
38.433333	8559901	8712736
38.450000	8559967	8712766
38.466667	8559982	8712711
38.483333	8559917	8712732
38.500000	8559950	8712731
38.516667	8559975	8712770
38.533333	8559949	8712765
38.550000	8559970	8712763
38.566667	8559963	8712736
38.583333	8559947	8712741
38.600000	8559914	8712694
38.616667	8559940	8712724
38.633333	8559954	8712707
38.650000	8559964	8712725
38.666667	8559999	8712736
38.683333	8559956	8712722
38.700000	8559975	8712701
38.716667	8559928	8712682
38.733333	8560021	8712731
38.750000	8559963	8712680
38.766667	8559943	8712678
38.783333	8559950	8712697
38.800000	8559953	8712703
38.816667	8560040	8712699
38.833333	8559983	8712648
38.850000	8559978	8712695
38.866667	8559943	8712686
38.883333	8560009	8712672
38.900000	8560009	8712647
38.916667	8560024	8712655
38.933333	8559951	8712651
38.950000	8559951	8712683
38.966667	8559979	8712653
38.983333	8559995	8712641
39.000000	8559988	8712646
39.016667	8559948	8712674
39.033333	8559998	8712589
39.050000	8559944	8712595
39.066667	8559986	8712585
39.083333	8560000	8712628
39.100000	8559952	8712638
39.116667	8560048	8712600
39.133333	8560049	8712586
39.150000	8560017	8712606
39.166667	8560072	8712581
39.183333	8559978	8712582
39.200000	8559976	8712633
39.216667	8560031	8712614
39.233333	8559960	8712610
39.250000	8559984	8712526
39.266667	8559971	8712621
39.283333	8560032	8712621
39.300000	8560037	8712631
39.316667	8560030	8712619
39.333333	8560018	8712589
39.350000	8560050	8712590
39.366667	8560075	8712591
39.383333	8560060	8712569
39.400000	8560068	8712561
39.416667	8560051	8712542
39.433333	8560030	8712563
39.450000	8560104	8712598
39.466667	8560024	8712644
39.483333	8560040	8712584
39.500000	8560050	8712586
39.516667	8560030	8712570
39.533333	8560091	8712572
39.550000	8560007	8712581
39.566667	8560090	8712563
39.583333	8560048	8712550
39.600000	8560068	8712567
39.616667	8560093	8712608
39.633333	8560068	8712577
39.650000	8560093	8712525
39.666667	8560088	8712532
39.683333	8560047	8712556
39.700000	8560045	8712518
39.716667	8560148	8712555
39.733333	8560106	8712571
39.750000	8560101	8712581
39.766667	8560070	8712496
39.783333	8560050	8712561
39.800000	8560139	8712548
39.816667	8560093	8712551
39.833333	8560075	8712557
39.850000	8560061	8712533
39.866667	8560114	8712520
39.883333	8560040	8712538
39.900000	8560142	8712545
39.916667	8560134	8712494
39.933333	8560010	8712528
39.950000	8560140	8712549
39.966667	8560079	8712519
39.983333	8560091	8712467
40.000000	8560074	8712455
40.016667	8560060	8712448
40.033333	8560153	8712473
40.050000	8560107	8712462
40.066667	8560096	8712471
40.083333	8560073	8712465
40.100000	8560129	8712456
40.116667	8560100	8712483
40.133333	8560039	8712486
40.150000	8560083	8712476
40.166667	8560061	8712458
40.183333	8560144	8712440
40.200000	8560114	8712415
40.216667	8560153	8712430
40.233333	8560126	8712407
40.250000	8560119	8712441
40.266667	8560115	8712453
40.283333	8560102	8712417
40.300000	8560095	8712383
40.316667	8560108	8712395
40.333333	8560121	8712378
40.350000	8560152	8712392
40.366667	8560078	8712424
40.383333	8560020	8712377
40.400000	8560048	8712399
40.416667	8560076	8712416
40.433333	8560110	8712411
40.450000	8560040	8712378
40.466667	8560083	8712369
40.483333	8560116	8712373
40.500000	8560116	8712359
40.516667	8560058	8712325
40.533333	8560116	8712326
40.550000	8560100	8712382
40.566667	8560046	8712360
40.583333	8560047	8712373
40.600000	8560076	8712352
40.616667	8560061	8712352
40.633333	8560091	8712315
40.650000	8560027	8712275
40.666667	8560081	8712293
40.683333	8560056	8712301
40.700000	8560103	8712324
40.716667	8560042	8712292
40.733333	8560012	8712351
40.750000	8560001	8712293
40.766667	8560056	8712341
40.783333	8560057	8712304
40.800000	8559993	8712236
40.816667	8560023	8712274
40.833333	8560048	8712227
40.850000	8560039	8712251
40.866667	8560052	8712280
40.883333	8560064	8712227
40.900000	8560012	8712215
40.916667	8560041	8712253
40.933333	8559980	8712260
40.950000	8560038	8712199
40.966667	8560072	8712197
40.983333	8559999	8712213
41.000000	8560108	8712217
41.016667	8560037	8712235
41.033333	8560081	8712184
41.050000	8560035	8712205
41.066667	8560005	8712219
41.083333	8560031	8712246
41.100000	8560027	8712185
41.116667	8560054	8712157
41.133333	8560069	8712171
41.150000	8560028	8712208
41.166667	8560041	8712216
41.183333	8560020	8712202
41.200000	8560071	8712180
41.216667	8560089	8712181
41.233333	8559950	8712187
41.250000	8559993	8712160
41.266667	8560090	8712139
41.283333	8560067	8712168
41.300000	8560012	8712138
41.316667	8560046	8712183
41.333333	8560016	8712128
41.350000	8560039	8712176
41.366667	8559998	8712169
41.383333	8560028	8712107
41.400000	8560033	8712178
41.416667	8560070	8712132
41.433333	8559965	8712141
41.450000	8560093	8712129
41.466667	8560032	8712103
41.483333	8560027	8712078
41.500000	8559989	8712086
41.516667	8560006	8712087
41.533333	8560031	8712101
41.550000	8559998	8712092
41.566667	8560050	8712057
41.583333	8560013	8712114
41.600000	8560027	8712049
41.616667	8560016	8712097
41.633333	8560013	8712064
41.650000	8559984	8712058
41.666667	8560029	8712070
41.683333	8559963	8712054
41.700000	8560023	8712054
41.716667	8560026	8712055
41.733333	8560065	8712075
41.750000	8560012	8712015
41.766667	8559993	8712041
41.783333	8560020	8712088
41.800000	8560015	8712050
41.816667	8559986	8712011
41.833333	8560064	8712015
41.850000	8560032	8712036
41.866667	8560005	8712053
41.883333	8559974	8711965
41.900000	8560057	8712032
41.916667	8560093	8712003
41.933333	8560004	8712029
41.950000	8560003	8712017
41.966667	8560032	8711940
41.983333	8560048	8712022
42.000000	8559974	8711970
42.016667	8560004	8712018
42.033333	8559984	8711966
42.050000	8560031	8712018
42.066667	8560035	8711984
42.083333	8560049	8711964
42.100000	8560066	8711973
42.116667	8559993	8711954
42.133333	8560038	8711996
42.150000	8560040	8711975
42.166667	8560037	8711917
42.183333	8559993	8711919
42.200000	8560044	8711931
42.216667	8560020	8711961
42.233333	8560005	8711912
42.250000	8560022	8711975
42.266667	8560032	8711897
42.283333	8560030	8711931
42.300000	8560040	8711921
42.316667	8559996	8711990
42.333333	8560031	8711921
42.350000	8560003	8711905
42.366667	8560012	8711892
42.383333	8559969	8711886
42.400000	8560032	8711885
42.416667	8559963	8711878
42.433333	8559975	8711902
42.450000	8559975	8711865
42.466667	8559946	8711853
42.483333	8560030	8711865
42.500000	8560040	8711838
42.516667	8560034	8711841
42.533333	8560089	8711880
42.550000	8560024	8711829
42.566667	8560065	8711814
42.583333	8560005	8711835
42.600000	8560051	8711820
42.616667	8560040	8711839
42.633333	8560047	8711901
42.650000	8560018	8711817
42.666667	8560042	8711833
42.683333	8560013	8711845
42.700000	8560018	8711792
42.716667	8560043	8711811
42.733333	8559984	8711792
42.750000	8560027	8711861
42.766667	8560019	8711838
42.783333	8559987	8711791
42.800000	8559984	8711795
42.816667	8559979	8711777
42.833333	8560072	8711819
42.850000	8560056	8711824
42.866667	8559990	8711814
42.883333	8560001	8711803
42.900000	8560028	8711751
42.916667	8560030	8711811
42.933333	8560018	8711823
42.950000	8560018	8711782
42.966667	8560006	8711789
42.983333	8560082	8711774
43.000000	8560046	8711838
43.016667	8560020	8711798
43.033333	8560049	8711826
43.050000	8560107	8711827
43.066667	8560071	8711771
43.083333	8560076	8711793
43.100000	8560039	8711810
43.116667	8560030	8711857
43.133333	8560082	8711781
43.150000	8560104	8711749
43.166667	8560078	8711881
43.183333	8560086	8711746
43.200000	8560037	8711819
43.216667	8560038	8711784
43.233333	8560048	8711801
43.250000	8560057	8711836
43.266667	8560133	8711833
43.283333	8560136	8711788
43.300000	8560053	8711765
43.316667	8560077	8711799
43.333333	8560105	8711778
43.350000	8560066	8711805
43.366667	8560088	8711798
43.383333	8560119	8711816
43.400000	8560179	8711806
43.416667	8560115	8711819
43.433333	8560100	8711816
43.450000	8560142	8711819
43.466667	8560121	8711802
43.483333	8560166	8711791
43.500000	8560178	8711810
43.516667	8560159	8711828
43.533333	8560095	8711799
43.550000	8560158	8711812
43.566667	8560159	8711756
43.583333	8560130	8711764
43.600000	8560140	8711771
43.616667	8560134	8711842
43.633333	8560185	8711761
43.650000	8560195	8711806
43.666667	8560209	8711781
43.683333	8560177	8711772
43.700000	8560169	8711719
43.716667	8560169	8711706
43.733333	8560108	8711850
43.750000	8560157	8711761
43.766667	8560167	8711802
43.783333	8560202	8711779
43.800000	8560139	8711730
43.816667	8560176	8711781
43.833333	8560198	8711765
43.850000	8560175	8711795
43.866667	8560180	8711740
43.883333	8560092	8711771
43.900000	8560143	8711765
43.916667	8560185	8711748
43.933333	8560206	8711721
43.950000	8560240	8711754
43.966667	8560181	8711782
43.983333	8560231	8711745
44.000000	8560219	8711811
44.016667	8560227	8711785
44.033333	8560180	8711698
44.050000	8560191	8711779
44.066667	8560198	8711702
44.083333	8560181	8711697
44.100000	8560216	8711765
44.116667	8560229	8711730
44.133333	8560149	8711712
44.150000	8560219	8711749
44.166667	8560164	8711701
44.183333	8560223	8711742
44.200000	8560214	8711745
44.216667	8560219	8711674
44.233333	8560229	8711635
44.250000	8560253	8711683
44.266667	8560253	8711746
44.283333	8560197	8711652
44.300000	8560267	8711616
44.316667	8560215	8711688
44.333333	8560229	8711637
44.350000	8560229	8711672
44.366667	8560251	8711635
44.383333	8560205	8711608
44.400000	8560206	8711662
44.416667	8560208	8711595
44.433333	8560214	8711544
44.450000	8560153	8711664
44.466667	8560232	8711611
44.483333	8560221	8711590
44.500000	8560157	8711542
44.516667	8560199	8711575
44.533333	8560173	8711524
44.550000	8560186	8711546
44.566667	8560187	8711506
44.583333	8560145	8711537
44.600000	8560165	8711561
44.616667	8560197	8711505
44.633333	8560198	8711549
44.650000	8560111	8711481
44.666667	8560164	8711481
44.683333	8560156	8711518
44.700000	8560116	8711501
44.716667	8560146	8711506
44.733333	8560152	8711479
44.750000	8560109	8711504
44.766667	8560172	8711511
44.783333	8560118	8711458
44.800000	8560148	8711550
44.816667	8560137	8711465
44.833333	8560094	8711501
44.850000	8560172	8711476
44.866667	8560126	8711502
44.883333	8560108	8711498
44.900000	8560109	8711459
44.916667	8560066	8711499
44.933333	8560089	8711460
44.950000	8560079	8711508
44.966667	8560130	8711463
44.983333	8560097	8711490
45.000000	8560121	8711464
45.016667	8560103	8711487
45.033333	8560127	8711475
45.050000	8560136	8711481
45.066667	8560104	8711450
45.083333	8560089	8711501
45.100000	8560103	8711483
45.116667	8560076	8711466
45.133333	8560103	8711429
45.150000	8560079	8711421
45.166667	8560067	8711461
45.183333	8560109	8711432
45.200000	8560079	8711488
45.216667	8560097	8711424
45.233333	8560178	8711437
45.250000	8560103	8711401
45.266667	8560086	8711455
45.283333	8560135	8711392
45.300000	8560108	8711439
45.316667	8560089	8711442
45.333333	8560091	8711461
45.350000	8560094	8711469
45.366667	8560066	8711471
45.383333	8560085	8711324
45.400000	8560060	8711392
45.416667	8560079	8711327
45.433333	8560056	8711373
45.450000	8560036	8711362
45.466667	8560070	8711370
45.483333	8560091	8711373
45.500000	8559988	8711346
45.516667	8560013	8711366
45.533333	8560037	8711296
45.550000	8560036	8711360
45.566667	8560034	8711379
45.583333	8560006	8711340
45.600000	8559989	8711353
45.616667	8560086	8711354
45.633333	8560038	8711351
45.650000	8559943	8711339
45.666667	8560032	8711296
45.683333	8560040	8711389
45.700000	8559956	8711340
45.716667	8559926	8711357
45.733333	8559886	8711341
45.750000	8559944	8711359
45.766667	8559971	8711337
45.783333	8560050	8711345
45.800000	8559963	8711324
45.816667	8559948	8711319
45.833333	8559986	8711351
45.850000	8559919	8711340
45.866667	8559904	8711336
45.883333	8559922	8711376
45.900000	8559984	8711390
45.916667	8559969	8711358
45.933333	8559947	8711298
45.950000	8559980	8711336
45.966667	8559960	8711315
45.983333	8559973	8711338
46.000000	8559951	8711336
46.016667	8559944	8711329
46.033333	8559971	8711347
46.050000	8559984	8711278
46.066667	8559928	8711314
46.083333	8559886	8711267
46.100000	8559980	8711239
46.116667	8559908	8711250
46.133333	8559974	8711258
46.150000	8559932	8711269
46.166667	8559969	8711295
46.183333	8559941	8711260
46.200000	8559964	8711282
46.216667	8559886	8711226
46.233333	8560028	8711255
46.250000	8559941	8711274
46.266667	8559948	8711268
46.283333	8559970	8711250
46.300000	8559981	8711286
46.316667	8559884	8711257
46.333333	8559915	8711313
46.350000	8559958	8711256
46.366667	8559867	8711264
46.383333	8559864	8711273
46.400000	8559911	8711257
46.416667	8559863	8711279
46.433333	8559963	8711239
46.450000	8559935	8711247
46.466667	8559851	8711234
46.483333	8559962	8711267
46.500000	8559890	8711285
46.516667	8559889	8711282
46.533333	8559893	8711280
46.550000	8559929	8711201
46.566667	8559873	8711251
46.583333	8559928	8711215
46.600000	8559844	8711214
46.616667	8559888	8711220
46.633333	8559905	8711207
46.650000	8559894	8711216
46.666667	8559863	8711196
46.683333	8559868	8711240
46.700000	8559906	8711194
46.716667	8559873	8711216
46.733333	8559918	8711192
46.750000	8559907	8711202
46.766667	8559892	8711262
46.783333	8559883	8711207
46.800000	8559880	8711168
46.816667	8559846	8711250
46.833333	8559863	8711160
46.850000	8559815	8711211
46.866667	8559872	8711153
46.883333	8559913	8711217
46.900000	8559873	8711155
46.916667	8559883	8711196
46.933333	8559836	8711189
46.950000	8559908	8711222
46.966667	8559885	8711144
46.983333	8559881	8711215
47.000000	8559837	8711267
47.016667	8559894	8711208
47.033333	8559846	8711156
47.050000	8559829	8711198
47.066667	8559882	8711196
47.083333	8559843	8711157
47.100000	8559906	8711154
47.116667	8559872	8711201
47.133333	8559847	8711217
47.150000	8559836	8711272
47.166667	8559842	8711238
47.183333	8559868	8711227
47.200000	8559941	8711248
47.216667	8559879	8711238
47.233333	8559861	8711242
47.250000	8559815	8711244
47.266667	8559871	8711254
47.283333	8559893	8711300
47.300000	8559821	8711342
47.316667	8559837	8711309
47.333333	8559886	8711360
47.350000	8559908	8711320
47.366667	8559900	8711321
47.383333	8559869	8711354
